"Date","Price","Open","High","Low","Vol.","Change %"
"03/27/2017","1.0865","1.0797","1.0905","1.0795","","0.61%"
"03/24/2017","1.0799","1.0784","1.0820","1.0761","","0.15%"
"03/23/2017","1.0783","1.0797","1.0807","1.0769","","-0.13%"
"03/22/2017","1.0797","1.0810","1.0827","1.0776","","-0.13%"
"03/21/2017","1.0811","1.0740","1.0822","1.0720","","0.67%"
"03/20/2017","1.0739","1.0740","1.0779","1.0725","","0.01%"
"03/17/2017","1.0738","1.0765","1.0784","1.0728","","-0.26%"
"03/16/2017","1.0766","1.0734","1.0772","1.0706","","0.29%"
"03/15/2017","1.0735","1.0605","1.0743","1.0604","","1.24%"
"03/14/2017","1.0604","1.0655","1.0664","1.0599","","-0.47%"
"03/13/2017","1.0654","1.0671","1.0715","1.0650","","-0.17%"
"03/10/2017","1.0672","1.0577","1.0702","1.0572","","0.90%"
"03/09/2017","1.0577","1.0541","1.0617","1.0525","","0.34%"
"03/08/2017","1.0541","1.0566","1.0576","1.0535","","-0.24%"
"03/07/2017","1.0566","1.0583","1.0603","1.0557","","-0.14%"
"03/06/2017","1.0581","1.0617","1.0644","1.0575","","-0.40%"
"03/03/2017","1.0623","1.0508","1.0626","1.0502","","1.10%"
"03/02/2017","1.0507","1.0547","1.0551","1.0492","","-0.38%"
"03/01/2017","1.0547","1.0574","1.0589","1.0514","","-0.28%"
"02/28/2017","1.0577","1.0587","1.0632","1.0570","","-0.09%"
"02/27/2017","1.0587","1.0562","1.0633","1.0551","","0.23%"
"02/24/2017","1.0563","1.0583","1.0620","1.0557","","-0.17%"
"02/23/2017","1.0581","1.0558","1.0598","1.0539","","0.24%"
"02/22/2017","1.0556","1.0534","1.0574","1.0493","","0.18%"
"02/21/2017","1.0537","1.0611","1.0618","1.0526","","-0.73%"
"02/20/2017","1.0614","1.0618","1.0637","1.0606","","0.00%"
"02/17/2017","1.0614","1.0675","1.0679","1.0605","","-0.56%"
"02/16/2017","1.0674","1.0600","1.0682","1.0588","","0.69%"
"02/15/2017","1.0601","1.0577","1.0611","1.0523","","0.23%"
"02/14/2017","1.0577","1.0596","1.0633","1.0560","","-0.20%"
"02/13/2017","1.0598","1.0633","1.0659","1.0591","","-0.40%"
"02/10/2017","1.0641","1.0658","1.0670","1.0609","","-0.14%"
"02/09/2017","1.0656","1.0699","1.0711","1.0650","","-0.40%"
"02/08/2017","1.0699","1.0682","1.0715","1.0640","","0.17%"
"02/07/2017","1.0681","1.0750","1.0751","1.0654","","-0.64%"
"02/06/2017","1.0750","1.0781","1.0801","1.0703","","-0.32%"
"02/03/2017","1.0784","1.0759","1.0800","1.0714","","0.24%"
"02/02/2017","1.0758","1.0766","1.0829","1.0753","","-0.10%"
"02/01/2017","1.0769","1.0798","1.0810","1.0731","","-0.27%"
"01/31/2017","1.0798","1.0695","1.0814","1.0684","","0.96%"
"01/30/2017","1.0695","1.0692","1.0743","1.0620","","-0.04%"
"01/27/2017","1.0699","1.0685","1.0729","1.0661","","0.16%"
"01/26/2017","1.0682","1.0746","1.0767","1.0657","","-0.61%"
"01/25/2017","1.0748","1.0734","1.0773","1.0713","","0.16%"
"01/24/2017","1.0731","1.0763","1.0775","1.0718","","-0.32%"
"01/23/2017","1.0765","1.0687","1.0773","1.0686","","0.58%"
"01/20/2017","1.0703","1.0667","1.0713","1.0627","","0.37%"
"01/19/2017","1.0664","1.0629","1.0677","1.0588","","0.31%"
"01/18/2017","1.0631","1.0713","1.0715","1.0625","","-0.77%"
"01/17/2017","1.0713","1.0600","1.0720","1.0595","","1.04%"
"01/16/2017","1.0603","1.0618","1.0638","1.0580","","-0.39%"
"01/13/2017","1.0644","1.0612","1.0674","1.0598","","0.29%"
"01/12/2017","1.0613","1.0583","1.0687","1.0573","","0.29%"
"01/11/2017","1.0582","1.0556","1.0624","1.0454","","0.27%"
"01/10/2017","1.0554","1.0573","1.0628","1.0551","","-0.19%"
"01/09/2017","1.0574","1.0539","1.0584","1.0510","","0.39%"
"01/06/2017","1.0533","1.0606","1.0624","1.0523","","-0.70%"
"01/05/2017","1.0607","1.0493","1.0619","1.0482","","1.13%"
"01/04/2017","1.0488","1.0405","1.0501","1.0389","","0.79%"
"01/03/2017","1.0406","1.0455","1.0492","1.0341","","-0.51%"
"01/02/2017","1.0459","1.0532","1.0534","1.0448","","-0.54%"
"12/30/2016","1.0516","1.0492","1.0654","1.0482","","0.23%"
"12/29/2016","1.0492","1.0417","1.0494","1.0406","","0.77%"
"12/28/2016","1.0412","1.0459","1.0484","1.0373","","-0.43%"
"12/27/2016","1.0457","1.0453","1.0465","1.0431","","0.01%"
"12/26/2016","1.0456","1.0454","1.0473","1.0439","","-0.01%"
"12/23/2016","1.0457","1.0438","1.0469","1.0427","","0.19%"
"12/22/2016","1.0437","1.0423","1.0501","1.0421","","0.12%"
"12/21/2016","1.0425","1.0389","1.0452","1.0381","","0.37%"
"12/20/2016","1.0387","1.0405","1.0419","1.0352","","-0.14%"
"12/19/2016","1.0402","1.0442","1.0480","1.0391","","-0.47%"
"12/16/2016","1.0451","1.0419","1.0477","1.0402","","0.36%"
"12/15/2016","1.0414","1.0536","1.0544","1.0366","","-1.17%"
"12/14/2016","1.0537","1.0627","1.0671","1.0495","","-0.85%"
"12/13/2016","1.0627","1.0635","1.0668","1.0603","","-0.08%"
"12/12/2016","1.0635","1.0551","1.0652","1.0524","","0.69%"
"12/09/2016","1.0562","1.0618","1.0632","1.0531","","-0.50%"
"12/08/2016","1.0615","1.0753","1.0873","1.0596","","-1.28%"
"12/07/2016","1.0753","1.0721","1.0770","1.0709","","0.32%"
"12/06/2016","1.0719","1.0764","1.0787","1.0698","","-0.42%"
"12/05/2016","1.0764","1.0674","1.0798","1.0505","","0.85%"
"12/02/2016","1.0673","1.0663","1.0692","1.0625","","0.10%"
"12/01/2016","1.0662","1.0590","1.0670","1.0584","","0.70%"
"11/30/2016","1.0588","1.0649","1.0669","1.0554","","-0.58%"
"11/29/2016","1.0650","1.0615","1.0657","1.0565","","0.33%"
"11/28/2016","1.0615","1.0595","1.0686","1.0563","","0.26%"
"11/25/2016","1.0587","1.0551","1.0631","1.0538","","0.31%"
"11/24/2016","1.0554","1.0554","1.0587","1.0517","","-0.06%"
"11/23/2016","1.0560","1.0629","1.0646","1.0526","","-0.62%"
"11/22/2016","1.0626","1.0627","1.0660","1.0583","","-0.03%"
"11/21/2016","1.0629","1.0583","1.0652","1.0579","","0.39%"
"11/18/2016","1.0588","1.0625","1.0645","1.0570","","-0.36%"
"11/17/2016","1.0626","1.0690","1.0746","1.0617","","-0.60%"
"11/16/2016","1.0690","1.0724","1.0764","1.0667","","-0.30%"
"11/15/2016","1.0722","1.0736","1.0817","1.0711","","-0.14%"
"11/14/2016","1.0737","1.0850","1.0852","1.0709","","-1.10%"
"11/11/2016","1.0856","1.0897","1.0929","1.0833","","-0.34%"
"11/10/2016","1.0893","1.0911","1.0958","1.0866","","-0.15%"
"11/09/2016","1.0909","1.1023","1.1300","1.0903","","-1.06%"
"11/08/2016","1.1026","1.1042","1.1070","1.1008","","-0.13%"
"11/07/2016","1.1040","1.1137","1.1139","1.1029","","-0.88%"
"11/04/2016","1.1138","1.1105","1.1146","1.1080","","0.30%"
"11/03/2016","1.1105","1.1098","1.1128","1.1059","","0.07%"
"11/02/2016","1.1097","1.1056","1.1126","1.1051","","0.37%"
"11/01/2016","1.1056","1.0981","1.1071","1.0958","","0.68%"
"10/31/2016","1.0981","1.0986","1.0994","1.0936","","-0.05%"
"10/28/2016","1.0987","1.0899","1.0995","1.0893","","0.83%"
"10/27/2016","1.0897","1.0909","1.0945","1.0884","","-0.11%"
"10/26/2016","1.0909","1.0889","1.0947","1.0872","","0.19%"
"10/25/2016","1.0888","1.0882","1.0906","1.0850","","0.05%"
"10/24/2016","1.0883","1.0879","1.0903","1.0861","","-0.01%"
"10/21/2016","1.0884","1.0929","1.0933","1.0859","","-0.42%"
"10/20/2016","1.0930","1.0974","1.1041","1.0916","","-0.40%"
"10/19/2016","1.0974","1.0981","1.1006","1.0955","","-0.06%"
"10/18/2016","1.0981","1.1000","1.1029","1.0970","","-0.16%"
"10/17/2016","1.0999","1.0975","1.1011","1.0965","","0.26%"
"10/14/2016","1.0971","1.1056","1.1062","1.0968","","-0.77%"
"10/13/2016","1.1056","1.1004","1.1058","1.0983","","0.44%"
"10/12/2016","1.1008","1.1053","1.1072","1.1003","","-0.42%"
"10/11/2016","1.1054","1.1136","1.1144","1.1047","","-0.75%"
"10/10/2016","1.1138","1.1196","1.1202","1.1128","","-0.56%"
"10/07/2016","1.1201","1.1151","1.1207","1.1103","","0.45%"
"10/06/2016","1.1151","1.1205","1.1214","1.1139","","-0.49%"
"10/05/2016","1.1206","1.1206","1.1237","1.1191","","0.02%"
"10/04/2016","1.1204","1.1210","1.1240","1.1138","","-0.06%"
"10/03/2016","1.1211","1.1235","1.1245","1.1205","","-0.27%"
"09/30/2016","1.1241","1.1225","1.1253","1.1153","","0.16%"
"09/29/2016","1.1223","1.1217","1.1251","1.1197","","0.06%"
"09/28/2016","1.1216","1.1214","1.1238","1.1181","","0.01%"
"09/27/2016","1.1215","1.1253","1.1262","1.1190","","-0.35%"
"09/26/2016","1.1254","1.1221","1.1279","1.1220","","0.25%"
"09/23/2016","1.1226","1.1209","1.1244","1.1195","","0.16%"
"09/22/2016","1.1208","1.1193","1.1258","1.1181","","0.17%"
"09/21/2016","1.1189","1.1152","1.1200","1.1123","","0.30%"
"09/20/2016","1.1155","1.1178","1.1216","1.1147","","-0.17%"
"09/19/2016","1.1174","1.1161","1.1198","1.1147","","0.17%"
"09/16/2016","1.1155","1.1244","1.1256","1.1147","","-0.79%"
"09/15/2016","1.1244","1.1249","1.1286","1.1220","","-0.05%"
"09/14/2016","1.1250","1.1216","1.1274","1.1208","","0.27%"
"09/13/2016","1.1220","1.1236","1.1262","1.1203","","-0.12%"
"09/12/2016","1.1234","1.1232","1.1269","1.1211","","0.01%"
"09/09/2016","1.1233","1.1262","1.1288","1.1200","","-0.25%"
"09/08/2016","1.1261","1.1240","1.1329","1.1234","","0.20%"
"09/07/2016","1.1239","1.1255","1.1271","1.1228","","-0.15%"
"09/06/2016","1.1256","1.1147","1.1267","1.1140","","0.98%"
"09/05/2016","1.1147","1.1153","1.1185","1.1140","","-0.08%"
"09/02/2016","1.1156","1.1197","1.1254","1.1151","","-0.38%"
"09/01/2016","1.1198","1.1157","1.1207","1.1128","","0.36%"
"08/31/2016","1.1158","1.1143","1.1167","1.1123","","0.13%"
"08/30/2016","1.1143","1.1189","1.1198","1.1130","","-0.41%"
"08/29/2016","1.1189","1.1192","1.1208","1.1157","","-0.08%"
"08/26/2016","1.1198","1.1284","1.1343","1.1180","","-0.75%"
"08/25/2016","1.1283","1.1266","1.1301","1.1258","","0.18%"
"08/24/2016","1.1263","1.1305","1.1315","1.1244","","-0.38%"
"08/23/2016","1.1306","1.1321","1.1357","1.1302","","-0.11%"
"08/22/2016","1.1319","1.1306","1.1334","1.1273","","-0.06%"
"08/19/2016","1.1326","1.1351","1.1363","1.1303","","-0.25%"
"08/18/2016","1.1354","1.1293","1.1367","1.1283","","0.58%"
"08/17/2016","1.1288","1.1279","1.1317","1.1241","","0.09%"
"08/16/2016","1.1278","1.1182","1.1324","1.1175","","0.84%"
"08/15/2016","1.1184","1.1162","1.1203","1.1153","","0.21%"
"08/12/2016","1.1161","1.1139","1.1224","1.1130","","0.22%"
"08/11/2016","1.1137","1.1175","1.1194","1.1133","","-0.35%"
"08/10/2016","1.1176","1.1117","1.1193","1.1103","","0.51%"
"08/09/2016","1.1119","1.1090","1.1125","1.1070","","0.24%"
"08/08/2016","1.1092","1.1088","1.1107","1.1073","","0.05%"
"08/05/2016","1.1086","1.1128","1.1162","1.1044","","-0.40%"
"08/04/2016","1.1130","1.1149","1.1158","1.1114","","-0.17%"
"08/03/2016","1.1149","1.1224","1.1233","1.1139","","-0.69%"
"08/02/2016","1.1227","1.1162","1.1235","1.1155","","0.58%"
"08/01/2016","1.1162","1.1177","1.1187","1.1157","","-0.11%"
"07/29/2016","1.1174","1.1079","1.1200","1.1071","","0.89%"
"07/28/2016","1.1075","1.1058","1.1119","1.1048","","0.15%"
"07/27/2016","1.1058","1.0986","1.1068","1.0963","","0.65%"
"07/26/2016","1.0987","1.0997","1.1031","1.0978","","-0.06%"
"07/25/2016","1.0994","1.0972","1.1002","1.0954","","0.16%"
"07/22/2016","1.0976","1.1030","1.1043","1.0954","","-0.44%"
"07/21/2016","1.1025","1.1013","1.1060","1.0981","","0.09%"
"07/20/2016","1.1015","1.1020","1.1032","1.0981","","-0.06%"
"07/19/2016","1.1022","1.1073","1.1086","1.0999","","-0.47%"
"07/18/2016","1.1074","1.1043","1.1086","1.1038","","0.34%"
"07/15/2016","1.1036","1.1118","1.1150","1.1023","","-0.76%"
"07/14/2016","1.1120","1.1089","1.1166","1.1085","","0.27%"
"07/13/2016","1.1090","1.1061","1.1121","1.1043","","0.28%"
"07/12/2016","1.1059","1.1058","1.1128","1.1051","","0.01%"
"07/11/2016","1.1058","1.1052","1.1076","1.1016","","0.04%"
"07/08/2016","1.1054","1.1063","1.1115","1.1002","","-0.08%"
"07/07/2016","1.1063","1.1101","1.1113","1.1053","","-0.32%"
"07/06/2016","1.1099","1.1075","1.1111","1.1029","","0.21%"
"07/05/2016","1.1076","1.1154","1.1184","1.1059","","-0.72%"
"07/04/2016","1.1156","1.1142","1.1166","1.1097","","0.18%"
"07/01/2016","1.1136","1.1104","1.1169","1.1070","","0.28%"
"06/30/2016","1.1105","1.1124","1.1157","1.1023","","-0.18%"
"06/29/2016","1.1125","1.1065","1.1131","1.1048","","0.52%"
"06/28/2016","1.1067","1.1025","1.1111","1.1008","","0.37%"
"06/27/2016","1.1026","1.1072","1.1087","1.0972","","-0.82%"
"06/24/2016","1.1117","1.1392","1.1434","1.0911","","-2.39%"
"06/23/2016","1.1389","1.1298","1.1424","1.1296","","0.81%"
"06/22/2016","1.1297","1.1242","1.1339","1.1236","","0.49%"
"06/21/2016","1.1242","1.1312","1.1351","1.1241","","-0.64%"
"06/20/2016","1.1314","1.1285","1.1386","1.1284","","0.33%"
"06/17/2016","1.1277","1.1226","1.1299","1.1221","","0.45%"
"06/16/2016","1.1226","1.1260","1.1298","1.1132","","-0.29%"
"06/15/2016","1.1259","1.1205","1.1299","1.1190","","0.46%"
"06/14/2016","1.1208","1.1293","1.1304","1.1188","","-0.74%"
"06/13/2016","1.1292","1.1253","1.1304","1.1233","","0.36%"
"06/10/2016","1.1251","1.1317","1.1329","1.1245","","-0.57%"
"06/09/2016","1.1316","1.1399","1.1417","1.1305","","-0.68%"
"06/08/2016","1.1394","1.1358","1.1412","1.1349","","0.32%"
"06/07/2016","1.1358","1.1355","1.1382","1.1338","","0.03%"
"06/06/2016","1.1355","1.1353","1.1395","1.1328","","-0.11%"
"06/03/2016","1.1367","1.1152","1.1377","1.1136","","1.94%"
"06/02/2016","1.1151","1.1189","1.1221","1.1142","","-0.33%"
"06/01/2016","1.1188","1.1133","1.1198","1.1114","","0.50%"
"05/31/2016","1.1132","1.1138","1.1176","1.1123","","-0.13%"
"05/30/2016","1.1147","1.1117","1.1149","1.1098","","0.29%"
"05/27/2016","1.1115","1.1193","1.1201","1.1107","","-0.71%"
"05/26/2016","1.1194","1.1154","1.1218","1.1144","","0.35%"
"05/25/2016","1.1155","1.1141","1.1169","1.1128","","0.13%"
"05/24/2016","1.1141","1.1219","1.1228","1.1130","","-0.70%"
"05/23/2016","1.1219","1.1218","1.1246","1.1187","","-0.04%"
"05/20/2016","1.1224","1.1204","1.1239","1.1194","","0.19%"
"05/19/2016","1.1203","1.1216","1.1230","1.1179","","-0.12%"
"05/18/2016","1.1217","1.1313","1.1327","1.1212","","-0.86%"
"05/17/2016","1.1314","1.1321","1.1350","1.1303","","-0.05%"
"05/16/2016","1.1320","1.1311","1.1346","1.1302","","0.11%"
"05/13/2016","1.1308","1.1378","1.1383","1.1284","","-0.61%"
"05/12/2016","1.1377","1.1426","1.1434","1.1368","","-0.44%"
"05/11/2016","1.1427","1.1373","1.1448","1.1368","","0.48%"
"05/10/2016","1.1372","1.1385","1.1413","1.1361","","-0.10%"
"05/09/2016","1.1383","1.1401","1.1422","1.1375","","-0.19%"
"05/06/2016","1.1405","1.1408","1.1479","1.1387","","0.00%"
"05/05/2016","1.1405","1.1486","1.1496","1.1385","","-0.71%"
"05/04/2016","1.1487","1.1496","1.1530","1.1467","","-0.09%"
"05/03/2016","1.1497","1.1533","1.1616","1.1495","","-0.30%"
"05/02/2016","1.1532","1.1447","1.1539","1.1446","","0.66%"
"04/29/2016","1.1456","1.1354","1.1461","1.1335","","0.91%"
"04/28/2016","1.1353","1.1320","1.1370","1.1296","","0.28%"
"04/27/2016","1.1321","1.1298","1.1364","1.1274","","0.20%"
"04/26/2016","1.1298","1.1265","1.1338","1.1254","","0.28%"
"04/25/2016","1.1266","1.1231","1.1280","1.1216","","0.29%"
"04/22/2016","1.1233","1.1290","1.1311","1.1220","","-0.49%"
"04/21/2016","1.1288","1.1297","1.1396","1.1272","","-0.08%"
"04/20/2016","1.1297","1.1356","1.1388","1.1288","","-0.54%"
"04/19/2016","1.1358","1.1314","1.1387","1.1302","","0.39%"
"04/18/2016","1.1314","1.1297","1.1334","1.1274","","0.27%"
"04/15/2016","1.1283","1.1271","1.1320","1.1246","","0.13%"
"04/14/2016","1.1268","1.1274","1.1296","1.1234","","-0.05%"
"04/13/2016","1.1274","1.1385","1.1393","1.1266","","-0.98%"
"04/12/2016","1.1386","1.1408","1.1466","1.1347","","-0.19%"
"04/11/2016","1.1408","1.1407","1.1448","1.1373","","0.06%"
"04/08/2016","1.1401","1.1379","1.1421","1.1350","","0.21%"
"04/07/2016","1.1377","1.1398","1.1455","1.1337","","-0.19%"
"04/06/2016","1.1399","1.1384","1.1434","1.1327","","0.13%"
"04/05/2016","1.1384","1.1389","1.1406","1.1336","","-0.07%"
"04/04/2016","1.1392","1.1393","1.1414","1.1357","","0.04%"
"04/01/2016","1.1387","1.1380","1.1439","1.1334","","0.06%"
"03/31/2016","1.1380","1.1338","1.1413","1.1309","","0.37%"
"03/30/2016","1.1338","1.1290","1.1366","1.1281","","0.42%"
"03/29/2016","1.1291","1.1198","1.1305","1.1168","","0.85%"
"03/28/2016","1.1196","1.1164","1.1221","1.1154","","0.27%"
"03/25/2016","1.1166","1.1176","1.1189","1.1153","","-0.07%"
"03/24/2016","1.1174","1.1179","1.1188","1.1143","","-0.09%"
"03/23/2016","1.1184","1.1218","1.1224","1.1158","","-0.29%"
"03/22/2016","1.1217","1.1245","1.1263","1.1190","","-0.21%"
"03/21/2016","1.1241","1.1270","1.1286","1.1235","","-0.26%"
"03/18/2016","1.1270","1.1319","1.1339","1.1257","","-0.43%"
"03/17/2016","1.1319","1.1224","1.1344","1.1205","","0.84%"
"03/16/2016","1.1225","1.1110","1.1245","1.1058","","1.04%"
"03/15/2016","1.1109","1.1100","1.1125","1.1071","","0.03%"
"03/14/2016","1.1106","1.1151","1.1177","1.1076","","-0.42%"
"03/11/2016","1.1153","1.1177","1.1212","1.1081","","-0.21%"
"03/10/2016","1.1177","1.0998","1.1218","1.0821","","1.62%"
"03/09/2016","1.0999","1.1012","1.1037","1.0946","","-0.11%"
"03/08/2016","1.1011","1.1014","1.1059","1.0992","","-0.03%"
"03/07/2016","1.1014","1.1008","1.1027","1.0940","","0.09%"
"03/04/2016","1.1004","1.0958","1.1045","1.0903","","0.43%"
"03/03/2016","1.0957","1.0867","1.0974","1.0853","","0.82%"
"03/02/2016","1.0868","1.0868","1.0881","1.0825","","0.01%"
"03/01/2016","1.0867","1.0873","1.0896","1.0835","","-0.06%"
"02/29/2016","1.0873","1.0932","1.0964","1.0858","","-0.56%"
"02/26/2016","1.0934","1.1020","1.1071","1.0913","","-0.81%"
"02/25/2016","1.1023","1.1014","1.1052","1.0987","","0.09%"
"02/24/2016","1.1013","1.1019","1.1047","1.0957","","-0.06%"
"02/23/2016","1.1020","1.1031","1.1055","1.0991","","-0.08%"
"02/22/2016","1.1029","1.1128","1.1137","1.1003","","-0.94%"
"02/19/2016","1.1134","1.1107","1.1140","1.1067","","0.24%"
"02/18/2016","1.1107","1.1130","1.1153","1.1072","","-0.19%"
"02/17/2016","1.1128","1.1143","1.1180","1.1104","","-0.14%"
"02/16/2016","1.1144","1.1155","1.1196","1.1123","","-0.10%"
"02/15/2016","1.1155","1.1251","1.1253","1.1127","","-0.93%"
"02/12/2016","1.1260","1.1328","1.1335","1.1215","","-0.57%"
"02/11/2016","1.1324","1.1292","1.1378","1.1274","","0.30%"
"02/10/2016","1.1290","1.1292","1.1311","1.1159","","-0.03%"
"02/09/2016","1.1293","1.1197","1.1339","1.1163","","0.85%"
"02/08/2016","1.1198","1.1159","1.1218","1.1087","","0.35%"
"02/05/2016","1.1159","1.1209","1.1246","1.1110","","-0.44%"
"02/04/2016","1.1208","1.1104","1.1240","1.1070","","0.94%"
"02/03/2016","1.1104","1.0917","1.1146","1.0903","","1.69%"
"02/02/2016","1.0919","1.0892","1.0944","1.0886","","0.28%"
"02/01/2016","1.0888","1.0833","1.0915","1.0814","","0.47%"
"01/29/2016","1.0837","1.0938","1.0951","1.0812","","-0.93%"
"01/28/2016","1.0939","1.0891","1.0969","1.0869","","0.42%"
"01/27/2016","1.0893","1.0871","1.0917","1.0851","","0.20%"
"01/26/2016","1.0871","1.0850","1.0875","1.0819","","0.20%"
"01/25/2016","1.0849","1.0799","1.0858","1.0788","","0.48%"
"01/22/2016","1.0797","1.0874","1.0879","1.0790","","-0.71%"
"01/21/2016","1.0874","1.0893","1.0922","1.0779","","-0.16%"
"01/20/2016","1.0891","1.0910","1.0977","1.0877","","-0.16%"
"01/19/2016","1.0909","1.0892","1.0941","1.0861","","0.16%"
"01/18/2016","1.0892","1.0918","1.0941","1.0869","","-0.23%"
"01/15/2016","1.0917","1.0866","1.0987","1.0855","","0.48%"
"01/14/2016","1.0865","1.0880","1.0945","1.0835","","-0.11%"
"01/13/2016","1.0877","1.0858","1.0891","1.0807","","0.18%"
"01/12/2016","1.0857","1.0859","1.0904","1.0822","","-0.03%"
"01/11/2016","1.0860","1.0923","1.0969","1.0847","","-0.66%"
"01/08/2016","1.0932","1.0934","1.0936","1.0804","","-0.04%"
"01/07/2016","1.0936","1.0779","1.0941","1.0770","","1.44%"
"01/06/2016","1.0781","1.0749","1.0802","1.0721","","0.31%"
"01/05/2016","1.0748","1.0831","1.0840","1.0711","","-0.77%"
"01/04/2016","1.0831","1.0858","1.0949","1.0783","","-0.27%"
"01/01/2016","1.0860","1.0862","1.0869","1.0845","","-0.01%"
"12/31/2015","1.0861","1.0932","1.0938","1.0850","","-0.65%"
"12/30/2015","1.0932","1.0920","1.0947","1.0903","","0.14%"
"12/29/2015","1.0917","1.0968","1.0992","1.0899","","-0.46%"
"12/28/2015","1.0968","1.0965","1.0995","1.0951","","-0.08%"
"12/25/2015","1.0977","1.0973","1.0979","1.0945","","0.05%"
"12/24/2015","1.0972","1.0913","1.0976","1.0903","","0.58%"
"12/23/2015","1.0909","1.0955","1.0957","1.0869","","-0.42%"
"12/22/2015","1.0955","1.0913","1.0985","1.0901","","0.37%"
"12/21/2015","1.0915","1.0863","1.0941","1.0848","","0.43%"
"12/18/2015","1.0868","1.0828","1.0877","1.0806","","0.40%"
"12/17/2015","1.0825","1.0915","1.0915","1.0800","","-0.81%"
"12/16/2015","1.0913","1.0932","1.1008","1.0888","","-0.14%"
"12/15/2015","1.0928","1.0991","1.1059","1.0903","","-0.58%"
"12/14/2015","1.0992","1.0985","1.1050","1.0946","","0.03%"
"12/11/2015","1.0989","1.0943","1.1033","1.0926","","0.44%"
"12/10/2015","1.0941","1.1027","1.1029","1.0924","","-0.76%"
"12/09/2015","1.1025","1.0888","1.1042","1.0877","","1.20%"
"12/08/2015","1.0894","1.0835","1.0901","1.0827","","0.54%"
"12/07/2015","1.0835","1.0859","1.0888","1.0795","","-0.47%"
"12/04/2015","1.0886","1.0939","1.0957","1.0837","","-0.50%"
"12/03/2015","1.0941","1.0616","1.0983","1.0541","","3.07%"
"12/02/2015","1.0615","1.0633","1.0644","1.0553","","-0.15%"
"12/01/2015","1.0631","1.0566","1.0638","1.0562","","0.63%"
"11/30/2015","1.0564","1.0591","1.0596","1.0558","","-0.27%"
"11/27/2015","1.0593","1.0610","1.0640","1.0570","","-0.16%"
"11/26/2015","1.0610","1.0627","1.0633","1.0600","","-0.16%"
"11/25/2015","1.0627","1.0642","1.0690","1.0566","","-0.13%"
"11/24/2015","1.0641","1.0634","1.0674","1.0620","","0.05%"
"11/23/2015","1.0636","1.0647","1.0658","1.0593","","-0.09%"
"11/20/2015","1.0646","1.0736","1.0745","1.0641","","-0.82%"
"11/19/2015","1.0734","1.0657","1.0764","1.0654","","0.70%"
"11/18/2015","1.0659","1.0640","1.0694","1.0617","","0.14%"
"11/17/2015","1.0644","1.0690","1.0696","1.0633","","-0.39%"
"11/16/2015","1.0686","1.0751","1.0781","1.0675","","-0.86%"
"11/13/2015","1.0779","1.0816","1.0818","1.0715","","-0.35%"
"11/12/2015","1.0817","1.0743","1.0829","1.0690","","0.68%"
"11/11/2015","1.0744","1.0724","1.0774","1.0705","","0.19%"
"11/10/2015","1.0724","1.0751","1.0764","1.0673","","-0.26%"
"11/09/2015","1.0752","1.0738","1.0793","1.0719","","0.10%"
"11/06/2015","1.0741","1.0886","1.0896","1.0709","","-1.31%"
"11/05/2015","1.0884","1.0865","1.0898","1.0835","","0.19%"
"11/04/2015","1.0863","1.0962","1.0968","1.0842","","-0.96%"
"11/03/2015","1.0968","1.1014","1.1031","1.0936","","-0.43%"
"11/02/2015","1.1015","1.1015","1.1053","1.1001","","0.08%"
"10/30/2015","1.1006","1.0976","1.1073","1.0964","","0.27%"
"10/29/2015","1.0976","1.0924","1.0985","1.0903","","0.51%"
"10/28/2015","1.0920","1.1050","1.1096","1.0894","","-1.16%"
"10/27/2015","1.1048","1.1056","1.1079","1.1029","","-0.07%"
"10/26/2015","1.1056","1.1008","1.1069","1.0987","","0.34%"
"10/23/2015","1.1018","1.1111","1.1142","1.0997","","-0.80%"
"10/22/2015","1.1107","1.1338","1.1351","1.1098","","-2.05%"
"10/21/2015","1.1339","1.1347","1.1380","1.1335","","-0.05%"
"10/20/2015","1.1345","1.1326","1.1387","1.1324","","0.16%"
"10/19/2015","1.1327","1.1352","1.1382","1.1307","","-0.18%"
"10/16/2015","1.1347","1.1383","1.1397","1.1334","","-0.32%"
"10/15/2015","1.1383","1.1474","1.1496","1.1363","","-0.78%"
"10/14/2015","1.1473","1.1378","1.1490","1.1374","","0.83%"
"10/13/2015","1.1379","1.1358","1.1413","1.1346","","0.21%"
"10/12/2015","1.1355","1.1355","1.1397","1.1351","","-0.03%"
"10/09/2015","1.1358","1.1282","1.1391","1.1269","","0.70%"
"10/08/2015","1.1279","1.1235","1.1325","1.1232","","0.39%"
"10/07/2015","1.1235","1.1269","1.1284","1.1210","","-0.32%"
"10/06/2015","1.1271","1.1193","1.1282","1.1174","","0.77%"
"10/05/2015","1.1185","1.1220","1.1290","1.1170","","-0.23%"
"10/02/2015","1.1211","1.1196","1.1319","1.1151","","0.14%"
"10/01/2015","1.1195","1.1176","1.1210","1.1134","","0.16%"
"09/30/2015","1.1177","1.1246","1.1262","1.1157","","-0.64%"
"09/29/2015","1.1249","1.1247","1.1285","1.1196","","0.03%"
"09/28/2015","1.1246","1.1195","1.1250","1.1149","","0.46%"
"09/25/2015","1.1195","1.1227","1.1231","1.1115","","-0.31%"
"09/24/2015","1.1230","1.1185","1.1296","1.1164","","0.38%"
"09/23/2015","1.1187","1.1120","1.1214","1.1105","","0.60%"
"09/22/2015","1.1120","1.1188","1.1209","1.1114","","-0.62%"
"09/21/2015","1.1189","1.1284","1.1332","1.1183","","-1.03%"
"09/18/2015","1.1305","1.1435","1.1460","1.1267","","-1.15%"
"09/17/2015","1.1437","1.1290","1.1442","1.1284","","1.30%"
"09/16/2015","1.1290","1.1267","1.1321","1.1212","","0.20%"
"09/15/2015","1.1267","1.1313","1.1328","1.1258","","-0.48%"
"09/14/2015","1.1321","1.1338","1.1375","1.1285","","-0.17%"
"09/11/2015","1.1340","1.1279","1.1349","1.1254","","0.53%"
"09/10/2015","1.1280","1.1209","1.1299","1.1174","","0.65%"
"09/09/2015","1.1207","1.1202","1.1219","1.1133","","0.06%"
"09/08/2015","1.1200","1.1170","1.1229","1.1152","","0.29%"
"09/07/2015","1.1168","1.1157","1.1178","1.1120","","0.19%"
"09/04/2015","1.1147","1.1124","1.1181","1.1089","","0.21%"
"09/03/2015","1.1124","1.1227","1.1246","1.1088","","-0.92%"
"09/02/2015","1.1227","1.1311","1.1319","1.1214","","-0.81%"
"09/01/2015","1.1319","1.1211","1.1333","1.1206","","0.94%"
"08/31/2015","1.1214","1.1176","1.1265","1.1162","","0.31%"
"08/28/2015","1.1179","1.1247","1.1310","1.1156","","-0.59%"
"08/27/2015","1.1245","1.1314","1.1366","1.1204","","-0.62%"
"08/26/2015","1.1315","1.1515","1.1561","1.1290","","-1.75%"
"08/25/2015","1.1517","1.1619","1.1625","1.1399","","-0.89%"
"08/24/2015","1.1620","1.1363","1.1713","1.1363","","2.03%"
"08/21/2015","1.1389","1.1244","1.1393","1.1229","","1.31%"
"08/20/2015","1.1242","1.1117","1.1246","1.1105","","1.11%"
"08/19/2015","1.1119","1.1023","1.1137","1.1019","","0.89%"
"08/18/2015","1.1021","1.1083","1.1096","1.1018","","-0.54%"
"08/17/2015","1.1081","1.1106","1.1125","1.1058","","-0.23%"
"08/14/2015","1.1107","1.1149","1.1189","1.1096","","-0.38%"
"08/13/2015","1.1149","1.1157","1.1189","1.1080","","-0.07%"
"08/12/2015","1.1157","1.1040","1.1212","1.1023","","1.06%"
"08/11/2015","1.1040","1.1019","1.1088","1.0960","","0.19%"
"08/10/2015","1.1019","1.0969","1.1044","1.0927","","0.46%"
"08/07/2015","1.0968","1.0930","1.0981","1.0857","","0.39%"
"08/06/2015","1.0925","1.0909","1.0944","1.0876","","0.17%"
"08/05/2015","1.0906","1.0883","1.0938","1.0849","","0.22%"
"08/04/2015","1.0882","1.0951","1.0989","1.0877","","-0.63%"
"08/03/2015","1.0951","1.0970","1.0997","1.0941","","-0.34%"
"07/31/2015","1.0988","1.0934","1.1114","1.0921","","0.50%"
"07/30/2015","1.0933","1.0987","1.0992","1.0894","","-0.48%"
"07/29/2015","1.0986","1.1061","1.1086","1.0967","","-0.66%"
"07/28/2015","1.1059","1.1089","1.1101","1.1022","","-0.32%"
"07/27/2015","1.1094","1.0974","1.1130","1.0970","","1.00%"
"07/24/2015","1.0984","1.0983","1.0997","1.0926","","0.01%"
"07/23/2015","1.0983","1.0928","1.1019","1.0922","","0.45%"
"07/22/2015","1.0934","1.0936","1.0966","1.0869","","-0.03%"
"07/21/2015","1.0937","1.0825","1.0970","1.0811","","1.02%"
"07/20/2015","1.0827","1.0833","1.0872","1.0810","","-0.02%"
"07/17/2015","1.0829","1.0875","1.0907","1.0827","","-0.42%"
"07/16/2015","1.0875","1.0947","1.0964","1.0856","","-0.68%"
"07/15/2015","1.0949","1.1010","1.1035","1.0930","","-0.57%"
"07/14/2015","1.1012","1.1004","1.1084","1.0966","","0.07%"
"07/13/2015","1.1004","1.1107","1.1197","1.0995","","-1.43%"
"07/10/2015","1.1164","1.1037","1.1218","1.1031","","1.14%"
"07/09/2015","1.1038","1.1078","1.1126","1.0992","","-0.35%"
"07/08/2015","1.1077","1.1012","1.1094","1.0974","","0.59%"
"07/07/2015","1.1012","1.1056","1.1061","1.0917","","-0.41%"
"07/06/2015","1.1057","1.0993","1.1097","1.0969","","-0.51%"
"07/03/2015","1.1114","1.1086","1.1119","1.1066","","0.27%"
"07/02/2015","1.1084","1.1054","1.1124","1.1031","","0.27%"
"07/01/2015","1.1054","1.1139","1.1172","1.1042","","-0.75%"
"06/30/2015","1.1138","1.1237","1.1246","1.1114","","-0.87%"
"06/29/2015","1.1236","1.1031","1.1279","1.0954","","0.63%"
"06/26/2015","1.1166","1.1207","1.1221","1.1131","","-0.34%"
"06/25/2015","1.1204","1.1204","1.1227","1.1153","","-0.03%"
"06/24/2015","1.1207","1.1171","1.1237","1.1156","","0.33%"
"06/23/2015","1.1170","1.1341","1.1348","1.1135","","-1.51%"
"06/22/2015","1.1341","1.1363","1.1411","1.1312","","-0.11%"
"06/19/2015","1.1353","1.1360","1.1393","1.1292","","-0.06%"
"06/18/2015","1.1360","1.1337","1.1438","1.1331","","0.20%"
"06/17/2015","1.1337","1.1249","1.1360","1.1213","","0.79%"
"06/16/2015","1.1248","1.1283","1.1331","1.1206","","-0.32%"
"06/15/2015","1.1284","1.1225","1.1294","1.1189","","0.13%"
"06/12/2015","1.1269","1.1258","1.1298","1.1151","","0.10%"
"06/11/2015","1.1258","1.1325","1.1332","1.1183","","-0.60%"
"06/10/2015","1.1326","1.1286","1.1387","1.1261","","0.37%"
"06/09/2015","1.1284","1.1292","1.1345","1.1214","","-0.07%"
"06/08/2015","1.1292","1.1113","1.1307","1.1080","","1.61%"
"06/05/2015","1.1113","1.1239","1.1281","1.1050","","-1.12%"
"06/04/2015","1.1239","1.1276","1.1381","1.1227","","-0.32%"
"06/03/2015","1.1275","1.1151","1.1284","1.1079","","1.08%"
"06/02/2015","1.1155","1.0928","1.1193","1.0915","","2.08%"
"06/01/2015","1.0928","1.0989","1.0991","1.0888","","-0.55%"
"05/29/2015","1.0988","1.0948","1.1006","1.0926","","0.36%"
"05/28/2015","1.0949","1.0905","1.0960","1.0869","","0.40%"
"05/27/2015","1.0905","1.0873","1.0931","1.0820","","0.29%"
"05/26/2015","1.0873","1.0978","1.0985","1.0863","","-0.96%"
"05/25/2015","1.0978","1.1006","1.1012","1.0961","","-0.36%"
"05/22/2015","1.1018","1.1115","1.1211","1.1004","","-0.85%"
"05/21/2015","1.1113","1.1092","1.1181","1.1080","","0.18%"
"05/20/2015","1.1093","1.1150","1.1156","1.1063","","-0.50%"
"05/19/2015","1.1149","1.1317","1.1328","1.1119","","-1.47%"
"05/18/2015","1.1315","1.1441","1.1450","1.1298","","-1.20%"
"05/15/2015","1.1452","1.1410","1.1467","1.1324","","0.37%"
"05/14/2015","1.1410","1.1359","1.1447","1.1341","","0.47%"
"05/13/2015","1.1357","1.1214","1.1385","1.1204","","1.28%"
"05/12/2015","1.1214","1.1155","1.1277","1.1134","","0.53%"
"05/11/2015","1.1155","1.1197","1.1207","1.1131","","-0.44%"
"05/08/2015","1.1204","1.1267","1.1290","1.1178","","-0.56%"
"05/07/2015","1.1267","1.1347","1.1393","1.1237","","-0.76%"
"05/06/2015","1.1353","1.1187","1.1372","1.1176","","1.49%"
"05/05/2015","1.1186","1.1147","1.1223","1.1067","","0.36%"
"05/04/2015","1.1146","1.1202","1.1226","1.1123","","-0.50%"
"05/01/2015","1.1202","1.1223","1.1290","1.1176","","-0.20%"
"04/30/2015","1.1225","1.1130","1.1269","1.1073","","0.84%"
"04/29/2015","1.1132","1.0983","1.1189","1.0960","","1.38%"
"04/28/2015","1.0981","1.0894","1.0991","1.0859","","0.85%"
"04/27/2015","1.0888","1.0873","1.0928","1.0821","","0.13%"
"04/24/2015","1.0874","1.0825","1.0901","1.0785","","0.43%"
"04/23/2015","1.0827","1.0726","1.0848","1.0667","","0.94%"
"04/22/2015","1.0726","1.0736","1.0802","1.0709","","-0.09%"
"04/21/2015","1.0736","1.0740","1.0784","1.0661","","-0.01%"
"04/20/2015","1.0737","1.0821","1.0825","1.0713","","-0.65%"
"04/17/2015","1.0807","1.0762","1.0850","1.0737","","0.42%"
"04/16/2015","1.0762","1.0684","1.0819","1.0625","","0.71%"
"04/15/2015","1.0686","1.0655","1.0703","1.0572","","0.30%"
"04/14/2015","1.0654","1.0566","1.0709","1.0530","","0.81%"
"04/13/2015","1.0568","1.0602","1.0619","1.0520","","-0.34%"
"04/10/2015","1.0604","1.0660","1.0685","1.0569","","-0.52%"
"04/09/2015","1.0659","1.0781","1.0789","1.0638","","-1.13%"
"04/08/2015","1.0781","1.0816","1.0888","1.0764","","-0.32%"
"04/07/2015","1.0816","1.0922","1.0957","1.0805","","-0.99%"
"04/06/2015","1.0924","1.0991","1.1037","1.0911","","-0.49%"
"04/03/2015","1.0978","1.0883","1.1028","1.0864","","0.86%"
"04/02/2015","1.0884","1.0764","1.0905","1.0751","","1.11%"
"04/01/2015","1.0764","1.0735","1.0801","1.0719","","0.31%"
"03/31/2015","1.0731","1.0833","1.0846","1.0713","","-0.95%"
"03/30/2015","1.0834","1.0889","1.0897","1.0811","","-0.50%"
"03/27/2015","1.0888","1.0886","1.0949","1.0802","","0.04%"
"03/26/2015","1.0884","1.0969","1.1052","1.0856","","-0.80%"
"03/25/2015","1.0972","1.0926","1.1016","1.0901","","0.42%"
"03/24/2015","1.0926","1.0947","1.1031","1.0892","","-0.19%"
"03/23/2015","1.0947","1.0837","1.0972","1.0768","","1.16%"
"03/20/2015","1.0822","1.0661","1.0883","1.0650","","1.52%"
"03/19/2015","1.0660","1.0866","1.0915","1.0613","","-1.90%"
"03/18/2015","1.0867","1.0598","1.1033","1.0581","","2.54%"
"03/17/2015","1.0598","1.0566","1.0650","1.0551","","0.28%"
"03/16/2015","1.0568","1.0494","1.0621","1.0459","","0.70%"
"03/13/2015","1.0495","1.0637","1.0639","1.0462","","-1.32%"
"03/12/2015","1.0635","1.0547","1.0684","1.0495","","0.83%"
"03/11/2015","1.0547","1.0699","1.0718","1.0511","","-1.41%"
"03/10/2015","1.0698","1.0851","1.0856","1.0692","","-1.42%"
"03/09/2015","1.0852","1.0832","1.0908","1.0823","","0.07%"
"03/06/2015","1.0844","1.1033","1.1035","1.0842","","-1.70%"
"03/05/2015","1.1031","1.1079","1.1115","1.0989","","-0.43%"
"03/04/2015","1.1079","1.1178","1.1187","1.1062","","-0.87%"
"03/03/2015","1.1176","1.1183","1.1219","1.1155","","-0.08%"
"03/02/2015","1.1185","1.1187","1.1242","1.1159","","-0.09%"
"02/27/2015","1.1195","1.1199","1.1248","1.1178","","-0.03%"
"02/26/2015","1.1198","1.1361","1.1381","1.1184","","-1.44%"
"02/25/2015","1.1362","1.1340","1.1389","1.1334","","0.19%"
"02/24/2015","1.1341","1.1336","1.1360","1.1289","","0.08%"
"02/23/2015","1.1332","1.1385","1.1414","1.1296","","-0.43%"
"02/20/2015","1.1381","1.1370","1.1431","1.1280","","0.13%"
"02/19/2015","1.1366","1.1397","1.1450","1.1355","","-0.27%"
"02/18/2015","1.1397","1.1412","1.1418","1.1334","","-0.13%"
"02/17/2015","1.1412","1.1354","1.1450","1.1322","","0.52%"
"02/16/2015","1.1353","1.1385","1.1429","1.1317","","-0.28%"
"02/13/2015","1.1385","1.1403","1.1443","1.1380","","-0.16%"
"02/12/2015","1.1403","1.1334","1.1423","1.1302","","0.61%"
"02/11/2015","1.1334","1.1321","1.1349","1.1280","","0.11%"
"02/10/2015","1.1321","1.1327","1.1347","1.1274","","-0.03%"
"02/09/2015","1.1324","1.1315","1.1359","1.1271","","0.08%"
"02/06/2015","1.1315","1.1477","1.1488","1.1313","","-1.41%"
"02/05/2015","1.1477","1.1345","1.1500","1.1304","","1.15%"
"02/04/2015","1.1347","1.1482","1.1486","1.1317","","-1.17%"
"02/03/2015","1.1481","1.1343","1.1534","1.1313","","1.23%"
"02/02/2015","1.1342","1.1284","1.1364","1.1280","","0.48%"
"01/30/2015","1.1288","1.1321","1.1366","1.1279","","-0.28%"
"01/29/2015","1.1320","1.1287","1.1369","1.1261","","0.28%"
"01/28/2015","1.1288","1.1382","1.1385","1.1276","","-0.82%"
"01/27/2015","1.1381","1.1237","1.1423","1.1224","","1.26%"
"01/26/2015","1.1239","1.1186","1.1297","1.1099","","0.28%"
"01/23/2015","1.1208","1.1366","1.1374","1.1114","","-1.39%"
"01/22/2015","1.1366","1.1610","1.1648","1.1317","","-2.10%"
"01/21/2015","1.1610","1.1553","1.1677","1.1542","","0.51%"
"01/20/2015","1.1551","1.1606","1.1616","1.1540","","-0.47%"
"01/19/2015","1.1606","1.1551","1.1641","1.1545","","0.31%"
"01/16/2015","1.1570","1.1633","1.1650","1.1462","","-0.52%"
"01/15/2015","1.1631","1.1789","1.1795","1.1570","","-1.34%"
"01/14/2015","1.1789","1.1772","1.1846","1.1726","","0.14%"
"01/13/2015","1.1772","1.1833","1.1860","1.1753","","-0.52%"
"01/12/2015","1.1834","1.1838","1.1871","1.1786","","-0.06%"
"01/09/2015","1.1841","1.1793","1.1848","1.1763","","0.41%"
"01/08/2015","1.1793","1.1839","1.1848","1.1753","","-0.39%"
"01/07/2015","1.1839","1.1892","1.1898","1.1803","","-0.42%"
"01/06/2015","1.1889","1.1933","1.1969","1.1884","","-0.38%"
"01/05/2015","1.1934","1.2003","1.2008","1.1883","","-0.57%"
"01/02/2015","1.2003","1.2106","1.2111","1.2001","","-0.83%"
"01/01/2015","1.2104","1.2100","1.2107","1.2094","","0.05%"
"12/31/2014","1.2098","1.2155","1.2172","1.2096","","-0.49%"
"12/30/2014","1.2157","1.2151","1.2188","1.2123","","0.04%"
"12/29/2014","1.2152","1.2182","1.2221","1.2142","","-0.20%"
"12/26/2014","1.2176","1.2224","1.2228","1.2168","","-0.38%"
"12/25/2014","1.2222","1.2195","1.2256","1.2186","","0.22%"
"12/24/2014","1.2195","1.2172","1.2222","1.2170","","0.19%"
"12/23/2014","1.2172","1.2231","1.2247","1.2165","","-0.48%"
"12/22/2014","1.2231","1.2226","1.2273","1.2216","","0.02%"
"12/19/2014","1.2228","1.2288","1.2305","1.2222","","-0.47%"
"12/18/2014","1.2286","1.2342","1.2353","1.2265","","-0.46%"
"12/17/2014","1.2343","1.2512","1.2517","1.2322","","-1.34%"
"12/16/2014","1.2511","1.2437","1.2571","1.2433","","0.59%"
"12/15/2014","1.2437","1.2462","1.2485","1.2414","","-0.20%"
"12/12/2014","1.2462","1.2413","1.2487","1.2384","","0.41%"
"12/11/2014","1.2411","1.2448","1.2496","1.2370","","-0.30%"
"12/10/2014","1.2448","1.2374","1.2449","1.2361","","0.59%"
"12/09/2014","1.2375","1.2317","1.2448","1.2292","","0.47%"
"12/08/2014","1.2317","1.2278","1.2344","1.2246","","0.26%"
"12/05/2014","1.2285","1.2380","1.2393","1.2271","","-0.76%"
"12/04/2014","1.2379","1.2313","1.2458","1.2282","","0.55%"
"12/03/2014","1.2311","1.2382","1.2391","1.2300","","-0.58%"
"12/02/2014","1.2383","1.2471","1.2478","1.2377","","-0.70%"
"12/01/2014","1.2470","1.2456","1.2507","1.2419","","0.14%"
"11/28/2014","1.2452","1.2468","1.2492","1.2427","","-0.12%"
"11/27/2014","1.2467","1.2506","1.2524","1.2464","","-0.31%"
"11/26/2014","1.2506","1.2475","1.2532","1.2443","","0.25%"
"11/25/2014","1.2475","1.2443","1.2487","1.2401","","0.26%"
"11/24/2014","1.2443","1.2376","1.2445","1.2357","","0.43%"
"11/21/2014","1.2390","1.2541","1.2571","1.2376","","-1.20%"
"11/20/2014","1.2540","1.2555","1.2576","1.2504","","-0.11%"
"11/19/2014","1.2554","1.2537","1.2600","1.2512","","0.14%"
"11/18/2014","1.2537","1.2450","1.2546","1.2442","","0.70%"
"11/17/2014","1.2450","1.2526","1.2578","1.2444","","-0.58%"
"11/14/2014","1.2523","1.2477","1.2548","1.2399","","0.37%"
"11/13/2014","1.2477","1.2439","1.2492","1.2426","","0.31%"
"11/12/2014","1.2439","1.2476","1.2499","1.2418","","-0.29%"
"11/11/2014","1.2475","1.2421","1.2500","1.2394","","0.43%"
"11/10/2014","1.2421","1.2452","1.2510","1.2417","","-0.26%"
"11/07/2014","1.2454","1.2376","1.2471","1.2359","","0.64%"
"11/06/2014","1.2375","1.2487","1.2535","1.2365","","-0.89%"
"11/05/2014","1.2486","1.2546","1.2568","1.2457","","-0.48%"
"11/04/2014","1.2546","1.2483","1.2578","1.2481","","0.50%"
"11/03/2014","1.2483","1.2515","1.2517","1.2441","","-0.34%"
"10/31/2014","1.2525","1.2612","1.2618","1.2485","","-0.70%"
"10/30/2014","1.2613","1.2631","1.2640","1.2547","","-0.15%"
"10/29/2014","1.2632","1.2735","1.2772","1.2631","","-0.80%"
"10/28/2014","1.2734","1.2698","1.2765","1.2683","","0.28%"
"10/27/2014","1.2698","1.2683","1.2725","1.2666","","0.22%"
"10/24/2014","1.2670","1.2645","1.2696","1.2633","","0.18%"
"10/23/2014","1.2647","1.2651","1.2679","1.2614","","-0.02%"
"10/22/2014","1.2649","1.2716","1.2740","1.2636","","-0.52%"
"10/21/2014","1.2715","1.2801","1.2841","1.2713","","-0.66%"
"10/20/2014","1.2799","1.2758","1.2817","1.2731","","0.28%"
"10/17/2014","1.2763","1.2811","1.2837","1.2744","","-0.36%"
"10/16/2014","1.2809","1.2837","1.2847","1.2706","","-0.22%"
"10/15/2014","1.2837","1.2659","1.2886","1.2624","","1.41%"
"10/14/2014","1.2659","1.2752","1.2769","1.2640","","-0.74%"
"10/13/2014","1.2753","1.2637","1.2762","1.2619","","0.99%"
"10/10/2014","1.2628","1.2691","1.2716","1.2605","","-0.50%"
"10/09/2014","1.2691","1.2732","1.2792","1.2664","","-0.34%"
"10/08/2014","1.2734","1.2669","1.2749","1.2622","","0.51%"
"10/07/2014","1.2670","1.2656","1.2683","1.2584","","0.13%"
"10/06/2014","1.2654","1.2510","1.2677","1.2504","","1.09%"
"10/03/2014","1.2517","1.2668","1.2676","1.2500","","-1.19%"
"10/02/2014","1.2668","1.2622","1.2698","1.2612","","0.35%"
"10/01/2014","1.2624","1.2631","1.2640","1.2584","","-0.06%"
"09/30/2014","1.2632","1.2684","1.2703","1.2571","","-0.42%"
"09/29/2014","1.2685","1.2685","1.2716","1.2664","","0.00%"
"09/26/2014","1.2685","1.2752","1.2761","1.2677","","-0.51%"
"09/25/2014","1.2750","1.2780","1.2784","1.2698","","-0.23%"
"09/24/2014","1.2780","1.2846","1.2864","1.2774","","-0.52%"
"09/23/2014","1.2847","1.2851","1.2903","1.2842","","-0.02%"
"09/22/2014","1.2850","1.2827","1.2868","1.2815","","0.16%"
"09/19/2014","1.2829","1.2923","1.2930","1.2827","","-0.73%"
"09/18/2014","1.2923","1.2865","1.2931","1.2834","","0.44%"
"09/17/2014","1.2866","1.2959","1.2982","1.2851","","-0.73%"
"09/16/2014","1.2960","1.2938","1.2995","1.2922","","0.14%"
"09/15/2014","1.2942","1.2976","1.2982","1.2908","","-0.18%"
"09/12/2014","1.2965","1.2925","1.2980","1.2909","","0.30%"
"09/11/2014","1.2926","1.2917","1.2952","1.2896","","0.07%"
"09/10/2014","1.2917","1.2936","1.2963","1.2883","","-0.16%"
"09/09/2014","1.2938","1.2898","1.2959","1.2860","","0.32%"
"09/08/2014","1.2897","1.2943","1.2963","1.2882","","-0.41%"
"09/05/2014","1.2950","1.2944","1.2986","1.2921","","0.04%"
"09/04/2014","1.2945","1.3147","1.3155","1.2919","","-1.57%"
"09/03/2014","1.3151","1.3131","1.3161","1.3122","","0.14%"
"09/02/2014","1.3133","1.3130","1.3139","1.3110","","0.04%"
"09/01/2014","1.3128","1.3138","1.3146","1.3118","","-0.04%"
"08/29/2014","1.3133","1.3178","1.3197","1.3131","","-0.38%"
"08/28/2014","1.3183","1.3193","1.3221","1.3159","","-0.08%"
"08/27/2014","1.3193","1.3168","1.3211","1.3152","","0.18%"
"08/26/2014","1.3169","1.3193","1.3216","1.3165","","-0.17%"
"08/25/2014","1.3192","1.3220","1.3220","1.3184","","-0.39%"
"08/22/2014","1.3243","1.3283","1.3298","1.3220","","-0.29%"
"08/21/2014","1.3282","1.3260","1.3289","1.3242","","0.17%"
"08/20/2014","1.3260","1.3321","1.3327","1.3255","","-0.45%"
"08/19/2014","1.3320","1.3363","1.3366","1.3312","","-0.32%"
"08/18/2014","1.3363","1.3393","1.3400","1.3352","","-0.27%"
"08/15/2014","1.3399","1.3366","1.3412","1.3358","","0.25%"
"08/14/2014","1.3365","1.3365","1.3409","1.3348","","0.00%"
"08/13/2014","1.3365","1.3369","1.3415","1.3342","","-0.03%"
"08/12/2014","1.3369","1.3386","1.3386","1.3335","","-0.13%"
"08/11/2014","1.3386","1.3401","1.3415","1.3378","","-0.19%"
"08/08/2014","1.3411","1.3363","1.3433","1.3343","","0.36%"
"08/07/2014","1.3363","1.3384","1.3394","1.3337","","-0.14%"
"08/06/2014","1.3382","1.3377","1.3388","1.3333","","0.04%"
"08/05/2014","1.3376","1.3422","1.3425","1.3358","","-0.34%"
"08/04/2014","1.3422","1.3427","1.3434","1.3408","","-0.06%"
"08/01/2014","1.3430","1.3392","1.3445","1.3378","","0.31%"
"07/31/2014","1.3389","1.3396","1.3401","1.3371","","-0.06%"
"07/30/2014","1.3397","1.3409","1.3416","1.3366","","-0.10%"
"07/29/2014","1.3410","1.3440","1.3445","1.3403","","-0.23%"
"07/28/2014","1.3441","1.3432","1.3445","1.3426","","0.07%"
"07/25/2014","1.3432","1.3466","1.3478","1.3422","","-0.24%"
"07/24/2014","1.3464","1.3463","1.3485","1.3437","","-0.01%"
"07/23/2014","1.3465","1.3465","1.3475","1.3454","","-0.01%"
"07/22/2014","1.3466","1.3525","1.3531","1.3460","","-0.42%"
"07/21/2014","1.3523","1.3527","1.3550","1.3512","","-0.01%"
"07/18/2014","1.3525","1.3525","1.3535","1.3491","","-0.01%"
"07/17/2014","1.3527","1.3525","1.3541","1.3516","","0.01%"
"07/16/2014","1.3525","1.3567","1.3575","1.3519","","-0.35%"
"07/15/2014","1.3572","1.3620","1.3628","1.3561","","-0.35%"
"07/14/2014","1.3620","1.3602","1.3640","1.3597","","0.08%"
"07/11/2014","1.3609","1.3609","1.3625","1.3591","","-0.01%"
"07/10/2014","1.3610","1.3644","1.3651","1.3589","","-0.26%"
"07/09/2014","1.3645","1.3613","1.3648","1.3601","","0.24%"
"07/08/2014","1.3613","1.3605","1.3619","1.3588","","0.06%"
"07/07/2014","1.3605","1.3596","1.3611","1.3575","","0.07%"
"07/04/2014","1.3596","1.3613","1.3613","1.3586","","-0.11%"
"07/03/2014","1.3611","1.3659","1.3665","1.3596","","-0.36%"
"07/02/2014","1.3660","1.3679","1.3684","1.3642","","-0.14%"
"07/01/2014","1.3679","1.3692","1.3701","1.3675","","-0.09%"
"06/30/2014","1.3692","1.3646","1.3698","1.3639","","0.32%"
"06/27/2014","1.3649","1.3611","1.3652","1.3609","","0.28%"
"06/26/2014","1.3611","1.3628","1.3641","1.3575","","-0.14%"
"06/25/2014","1.3630","1.3607","1.3652","1.3599","","0.18%"
"06/24/2014","1.3605","1.3603","1.3628","1.3582","","0.00%"
"06/23/2014","1.3605","1.3596","1.3615","1.3575","","0.04%"
"06/20/2014","1.3599","1.3607","1.3634","1.3563","","-0.07%"
"06/19/2014","1.3609","1.3596","1.3643","1.3582","","0.10%"
"06/18/2014","1.3596","1.3546","1.3599","1.3540","","0.37%"
"06/17/2014","1.3546","1.3574","1.3588","1.3536","","-0.21%"
"06/16/2014","1.3575","1.3535","1.3580","1.3514","","0.24%"
"06/13/2014","1.3542","1.3552","1.3580","1.3519","","-0.08%"
"06/12/2014","1.3553","1.3533","1.3574","1.3512","","0.15%"
"06/11/2014","1.3533","1.3548","1.3558","1.3521","","-0.11%"
"06/10/2014","1.3548","1.3594","1.3603","1.3533","","-0.34%"
"06/09/2014","1.3594","1.3645","1.3670","1.3583","","-0.36%"
"06/06/2014","1.3643","1.3662","1.3678","1.3620","","-0.12%"
"06/05/2014","1.3660","1.3599","1.3671","1.3504","","0.45%"
"06/04/2014","1.3599","1.3628","1.3639","1.3595","","-0.21%"
"06/03/2014","1.3628","1.3596","1.3647","1.3586","","0.23%"
"06/02/2014","1.3597","1.3636","1.3646","1.3589","","-0.25%"
"05/30/2014","1.3631","1.3601","1.3650","1.3598","","0.21%"
"05/29/2014","1.3602","1.3589","1.3626","1.3585","","0.08%"
"05/28/2014","1.3591","1.3635","1.3639","1.3588","","-0.32%"
"05/27/2014","1.3634","1.3647","1.3670","1.3613","","-0.09%"
"05/26/2014","1.3646","1.3626","1.3655","1.3615","","0.09%"
"05/23/2014","1.3634","1.3656","1.3660","1.3615","","-0.16%"
"05/22/2014","1.3656","1.3687","1.3689","1.3645","","-0.23%"
"05/21/2014","1.3687","1.3703","1.3724","1.3635","","-0.12%"
"05/20/2014","1.3703","1.3708","1.3714","1.3678","","-0.04%"
"05/19/2014","1.3709","1.3703","1.3736","1.3688","","0.10%"
"05/16/2014","1.3695","1.3712","1.3729","1.3687","","-0.12%"
"05/15/2014","1.3711","1.3715","1.3733","1.3648","","-0.03%"
"05/14/2014","1.3715","1.3704","1.3732","1.3697","","0.08%"
"05/13/2014","1.3704","1.3758","1.3773","1.3691","","-0.39%"
"05/12/2014","1.3757","1.3750","1.3775","1.3748","","-0.02%"
"05/09/2014","1.3760","1.3841","1.3847","1.3746","","-0.59%"
"05/08/2014","1.3841","1.3911","1.3993","1.3832","","-0.51%"
"05/07/2014","1.3912","1.3928","1.3940","1.3910","","-0.11%"
"05/06/2014","1.3928","1.3875","1.3952","1.3869","","0.37%"
"05/05/2014","1.3876","1.3872","1.3892","1.3865","","0.04%"
"05/02/2014","1.3870","1.3868","1.3881","1.3811","","0.00%"
"05/01/2014","1.3870","1.3866","1.3889","1.3861","","0.01%"
"04/30/2014","1.3868","1.3813","1.3878","1.3777","","0.41%"
"04/29/2014","1.3812","1.3849","1.3879","1.3805","","-0.27%"
"04/28/2014","1.3850","1.3834","1.3880","1.3814","","0.12%"
"04/25/2014","1.3833","1.3832","1.3850","1.3826","","0.01%"
"04/24/2014","1.3832","1.3819","1.3843","1.3792","","0.11%"
"04/23/2014","1.3817","1.3805","1.3855","1.3800","","0.09%"
"04/22/2014","1.3805","1.3794","1.3826","1.3785","","0.09%"
"04/21/2014","1.3792","1.3809","1.3832","1.3786","","-0.17%"
"04/18/2014","1.3815","1.3814","1.3825","1.3808","","0.00%"
"04/17/2014","1.3815","1.3816","1.3866","1.3810","","-0.01%"
"04/16/2014","1.3816","1.3814","1.3852","1.3804","","0.01%"
"04/15/2014","1.3814","1.3821","1.3835","1.3790","","-0.05%"
"04/14/2014","1.3821","1.3839","1.3866","1.3810","","-0.46%"
"04/11/2014","1.3885","1.3888","1.3907","1.3864","","-0.02%"
"04/10/2014","1.3888","1.3855","1.3899","1.3835","","0.24%"
"04/09/2014","1.3855","1.3794","1.3862","1.3779","","0.43%"
"04/08/2014","1.3796","1.3741","1.3813","1.3737","","0.40%"
"04/07/2014","1.3741","1.3696","1.3749","1.3689","","0.28%"
"04/04/2014","1.3703","1.3719","1.3732","1.3672","","-0.12%"
"04/03/2014","1.3720","1.3768","1.3807","1.3699","","-0.34%"
"04/02/2014","1.3767","1.3792","1.3821","1.3752","","-0.20%"
"04/01/2014","1.3794","1.3769","1.3817","1.3767","","0.17%"
"03/31/2014","1.3771","1.3755","1.3807","1.3734","","0.13%"
"03/28/2014","1.3753","1.3740","1.3773","1.3705","","0.09%"
"03/27/2014","1.3740","1.3781","1.3798","1.3729","","-0.31%"
"03/26/2014","1.3783","1.3827","1.3829","1.3777","","-0.32%"
"03/25/2014","1.3827","1.3839","1.3848","1.3750","","-0.09%"
"03/24/2014","1.3839","1.3792","1.3876","1.3760","","0.33%"
"03/21/2014","1.3794","1.3779","1.3813","1.3767","","0.11%"
"03/20/2014","1.3779","1.3832","1.3845","1.3749","","-0.39%"
"03/19/2014","1.3833","1.3933","1.3935","1.3809","","-0.72%"
"03/18/2014","1.3934","1.3921","1.3942","1.3880","","0.09%"
"03/17/2014","1.3922","1.3911","1.3949","1.3879","","0.06%"
"03/14/2014","1.3914","1.3866","1.3937","1.3847","","0.32%"
"03/13/2014","1.3869","1.3903","1.3968","1.3844","","-0.25%"
"03/12/2014","1.3904","1.3859","1.3914","1.3841","","0.32%"
"03/11/2014","1.3859","1.3874","1.3880","1.3832","","-0.13%"
"03/10/2014","1.3877","1.3875","1.3898","1.3861","","-0.01%"
"03/07/2014","1.3878","1.3860","1.3917","1.3854","","0.12%"
"03/06/2014","1.3861","1.3734","1.3874","1.3723","","0.93%"
"03/05/2014","1.3733","1.3742","1.3746","1.3706","","-0.08%"
"03/04/2014","1.3744","1.3735","1.3782","1.3720","","0.07%"
"03/03/2014","1.3735","1.3786","1.3793","1.3725","","-0.49%"
"02/28/2014","1.3803","1.3708","1.3824","1.3693","","0.69%"
"02/27/2014","1.3709","1.3687","1.3727","1.3642","","0.15%"
"02/26/2014","1.3688","1.3744","1.3758","1.3661","","-0.42%"
"02/25/2014","1.3746","1.3735","1.3767","1.3714","","0.08%"
"02/24/2014","1.3735","1.3735","1.3770","1.3708","","-0.04%"
"02/21/2014","1.3740","1.3720","1.3760","1.3704","","0.16%"
"02/20/2014","1.3718","1.3733","1.3763","1.3685","","-0.11%"
"02/19/2014","1.3733","1.3757","1.3774","1.3724","","-0.18%"
"02/18/2014","1.3758","1.3706","1.3770","1.3694","","0.36%"
"02/17/2014","1.3708","1.3688","1.3725","1.3687","","0.11%"
"02/14/2014","1.3693","1.3681","1.3718","1.3674","","0.09%"
"02/13/2014","1.3681","1.3594","1.3694","1.3586","","0.64%"
"02/12/2014","1.3594","1.3639","1.3655","1.3563","","-0.33%"
"02/11/2014","1.3639","1.3648","1.3686","1.3631","","-0.06%"
"02/10/2014","1.3647","1.3634","1.3653","1.3609","","0.09%"
"02/07/2014","1.3635","1.3590","1.3642","1.3553","","0.33%"
"02/06/2014","1.3590","1.3533","1.3621","1.3485","","0.42%"
"02/05/2014","1.3533","1.3519","1.3555","1.3498","","0.10%"
"02/04/2014","1.3519","1.3525","1.3539","1.3494","","-0.04%"
"02/03/2014","1.3525","1.3493","1.3536","1.3476","","0.28%"
"01/31/2014","1.3487","1.3557","1.3570","1.3480","","-0.51%"
"01/30/2014","1.3556","1.3662","1.3666","1.3543","","-0.78%"
"01/29/2014","1.3663","1.3668","1.3685","1.3603","","-0.04%"
"01/28/2014","1.3669","1.3673","1.3689","1.3629","","-0.02%"
"01/27/2014","1.3672","1.3677","1.3718","1.3654","","-0.04%"
"01/24/2014","1.3678","1.3697","1.3741","1.3665","","-0.12%"
"01/23/2014","1.3695","1.3547","1.3699","1.3530","","1.09%"
"01/22/2014","1.3548","1.3559","1.3584","1.3535","","-0.10%"
"01/21/2014","1.3561","1.3552","1.3571","1.3518","","0.07%"
"01/20/2014","1.3552","1.3543","1.3570","1.3508","","0.08%"
"01/17/2014","1.3541","1.3620","1.3623","1.3517","","-0.58%"
"01/16/2014","1.3620","1.3604","1.3650","1.3582","","0.11%"
"01/15/2014","1.3605","1.3680","1.3684","1.3582","","-0.54%"
"01/14/2014","1.3679","1.3670","1.3699","1.3648","","0.05%"
"01/13/2014","1.3672","1.3669","1.3685","1.3637","","0.01%"
"01/10/2014","1.3670","1.3609","1.3689","1.3577","","0.45%"
"01/09/2014","1.3609","1.3577","1.3636","1.3550","","0.25%"
"01/08/2014","1.3575","1.3617","1.3636","1.3554","","-0.30%"
"01/07/2014","1.3616","1.3627","1.3657","1.3596","","-0.09%"
"01/06/2014","1.3628","1.3589","1.3653","1.3571","","0.29%"
"01/03/2014","1.3588","1.3672","1.3674","1.3582","","-0.61%"
"01/02/2014","1.3672","1.3756","1.3777","1.3630","","-0.60%"
"01/01/2014","1.3754","1.3742","1.3769","1.3742","","0.06%"
"12/31/2013","1.3746","1.3803","1.3813","1.3742","","-0.43%"
"12/30/2013","1.3805","1.3744","1.3821","1.3729","","0.46%"
"12/27/2013","1.3742","1.3692","1.3893","1.3686","","0.37%"
"12/26/2013","1.3691","1.3679","1.3702","1.3662","","0.08%"
"12/25/2013","1.3680","1.3684","1.3710","1.3661","","-0.03%"
"12/24/2013","1.3684","1.3697","1.3704","1.3655","","-0.09%"
"12/23/2013","1.3696","1.3670","1.3717","1.3666","","0.18%"
"12/20/2013","1.3672","1.3662","1.3710","1.3624","","0.07%"
"12/19/2013","1.3663","1.3685","1.3695","1.3649","","-0.16%"
"12/18/2013","1.3685","1.3770","1.3813","1.3675","","-0.60%"
"12/17/2013","1.3768","1.3762","1.3784","1.3724","","0.05%"
"12/16/2013","1.3761","1.3740","1.3799","1.3724","","0.13%"
"12/13/2013","1.3743","1.3755","1.3771","1.3710","","-0.09%"
"12/12/2013","1.3755","1.3787","1.3804","1.3736","","-0.22%"
"12/11/2013","1.3786","1.3760","1.3811","1.3739","","0.18%"
"12/10/2013","1.3761","1.3738","1.3797","1.3733","","0.16%"
"12/09/2013","1.3739","1.3720","1.3747","1.3694","","0.24%"
"12/06/2013","1.3706","1.3668","1.3708","1.3630","","0.28%"
"12/05/2013","1.3668","1.3594","1.3678","1.3542","","0.54%"
"12/04/2013","1.3594","1.3589","1.3605","1.3528","","0.03%"
"12/03/2013","1.3590","1.3540","1.3613","1.3523","","0.35%"
"12/02/2013","1.3542","1.3590","1.3617","1.3525","","-0.35%"
"11/29/2013","1.3590","1.3605","1.3622","1.3579","","-0.11%"
"11/28/2013","1.3605","1.3580","1.3619","1.3563","","0.19%"
"11/27/2013","1.3579","1.3571","1.3613","1.3557","","0.05%"
"11/26/2013","1.3572","1.3517","1.3575","1.3514","","0.41%"
"11/25/2013","1.3516","1.3550","1.3561","1.3491","","-0.31%"
"11/22/2013","1.3558","1.3482","1.3558","1.3462","","0.56%"
"11/21/2013","1.3482","1.3440","1.3487","1.3399","","0.32%"
"11/20/2013","1.3439","1.3539","1.3579","1.3417","","-0.74%"
"11/19/2013","1.3539","1.3505","1.3549","1.3488","","0.25%"
"11/18/2013","1.3505","1.3502","1.3543","1.3475","","0.07%"
"11/15/2013","1.3495","1.3458","1.3506","1.3432","","0.27%"
"11/14/2013","1.3459","1.3489","1.3499","1.3419","","-0.21%"
"11/13/2013","1.3487","1.3436","1.3497","1.3392","","0.38%"
"11/12/2013","1.3436","1.3407","1.3457","1.3359","","0.22%"
"11/11/2013","1.3407","1.3361","1.3417","1.3344","","0.27%"
"11/08/2013","1.3371","1.3420","1.3439","1.3317","","-0.37%"
"11/07/2013","1.3420","1.3514","1.3529","1.3296","","-0.68%"
"11/06/2013","1.3512","1.3476","1.3550","1.3468","","0.28%"
"11/05/2013","1.3474","1.3514","1.3523","1.3449","","-0.31%"
"11/04/2013","1.3516","1.3489","1.3527","1.3443","","0.22%"
"11/01/2013","1.3487","1.3584","1.3592","1.3481","","-0.71%"
"10/31/2013","1.3584","1.3737","1.3740","1.3577","","-1.11%"
"10/30/2013","1.3736","1.3745","1.3785","1.3696","","-0.07%"
"10/29/2013","1.3746","1.3784","1.3813","1.3735","","-0.28%"
"10/28/2013","1.3784","1.3803","1.3817","1.3775","","-0.15%"
"10/25/2013","1.3805","1.3801","1.3833","1.3774","","0.04%"
"10/24/2013","1.3800","1.3776","1.3826","1.3764","","0.17%"
"10/23/2013","1.3777","1.3784","1.3794","1.3741","","-0.03%"
"10/22/2013","1.3781","1.3683","1.3794","1.3662","","0.72%"
"10/21/2013","1.3683","1.3687","1.3691","1.3651","","-0.01%"
"10/18/2013","1.3685","1.3674","1.3704","1.3659","","0.07%"
"10/17/2013","1.3676","1.3535","1.3681","1.3514","","1.04%"
"10/16/2013","1.3535","1.3523","1.3567","1.3472","","0.09%"
"10/15/2013","1.3523","1.3561","1.3571","1.3479","","-0.28%"
"10/14/2013","1.3561","1.3544","1.3598","1.3542","","0.14%"
"10/11/2013","1.3542","1.3519","1.3582","1.3517","","0.16%"
"10/10/2013","1.3520","1.3524","1.3546","1.3488","","-0.03%"
"10/09/2013","1.3524","1.3573","1.3605","1.3486","","-0.36%"
"10/08/2013","1.3573","1.3583","1.3609","1.3558","","-0.07%"
"10/07/2013","1.3582","1.3556","1.3592","1.3542","","0.18%"
"10/04/2013","1.3558","1.3618","1.3632","1.3538","","-0.44%"
"10/03/2013","1.3618","1.3577","1.3646","1.3576","","0.29%"
"10/02/2013","1.3579","1.3527","1.3609","1.3509","","0.39%"
"10/01/2013","1.3526","1.3528","1.3590","1.3517","","0.00%"
"09/30/2013","1.3526","1.3480","1.3557","1.3468","","0.03%"
"09/27/2013","1.3522","1.3487","1.3565","1.3473","","0.24%"
"09/26/2013","1.3489","1.3526","1.3529","1.3471","","-0.27%"
"09/25/2013","1.3526","1.3473","1.3538","1.3461","","0.39%"
"09/24/2013","1.3474","1.3493","1.3519","1.3464","","-0.14%"
"09/23/2013","1.3493","1.3546","1.3556","1.3479","","-0.23%"
"09/20/2013","1.3524","1.3531","1.3550","1.3498","","-0.04%"
"09/19/2013","1.3530","1.3521","1.3569","1.3500","","0.06%"
"09/18/2013","1.3522","1.3359","1.3542","1.3338","","1.22%"
"09/17/2013","1.3359","1.3334","1.3371","1.3326","","0.19%"
"09/16/2013","1.3334","1.3306","1.3386","1.3296","","0.30%"
"09/13/2013","1.3294","1.3299","1.3323","1.3255","","-0.04%"
"09/12/2013","1.3299","1.3310","1.3326","1.3261","","-0.10%"
"09/11/2013","1.3312","1.3270","1.3327","1.3245","","0.33%"
"09/10/2013","1.3268","1.3255","1.3276","1.3230","","0.10%"
"09/09/2013","1.3255","1.3169","1.3281","1.3159","","0.57%"
"09/06/2013","1.3180","1.3119","1.3189","1.3104","","0.46%"
"09/05/2013","1.3120","1.3207","1.3223","1.3110","","-0.67%"
"09/04/2013","1.3209","1.3171","1.3220","1.3156","","0.30%"
"09/03/2013","1.3170","1.3191","1.3198","1.3138","","-0.17%"
"09/02/2013","1.3192","1.3234","1.3238","1.3184","","-0.23%"
"08/30/2013","1.3222","1.3243","1.3256","1.3175","","-0.14%"
"08/29/2013","1.3241","1.3339","1.3344","1.3219","","-0.74%"
"08/28/2013","1.3340","1.3393","1.3399","1.3306","","-0.40%"
"08/27/2013","1.3393","1.3368","1.3400","1.3324","","0.18%"
"08/26/2013","1.3369","1.3382","1.3394","1.3356","","-0.10%"
"08/23/2013","1.3382","1.3356","1.3410","1.3333","","0.19%"
"08/22/2013","1.3356","1.3355","1.3375","1.3299","","-0.01%"
"08/21/2013","1.3357","1.3416","1.3428","1.3335","","-0.45%"
"08/20/2013","1.3417","1.3336","1.3453","1.3323","","0.61%"
"08/19/2013","1.3335","1.3328","1.3376","1.3316","","0.05%"
"08/16/2013","1.3329","1.3346","1.3380","1.3310","","-0.14%"
"08/15/2013","1.3348","1.3256","1.3365","1.3207","","0.69%"
"08/14/2013","1.3256","1.3262","1.3279","1.3239","","-0.05%"
"08/13/2013","1.3262","1.3299","1.3317","1.3233","","-0.29%"
"08/12/2013","1.3300","1.3340","1.3346","1.3278","","-0.32%"
"08/09/2013","1.3343","1.3380","1.3391","1.3333","","-0.29%"
"08/08/2013","1.3382","1.3338","1.3403","1.3329","","0.34%"
"08/07/2013","1.3337","1.3307","1.3347","1.3266","","0.23%"
"08/06/2013","1.3306","1.3258","1.3325","1.3245","","0.36%"
"08/05/2013","1.3258","1.3274","1.3302","1.3232","","-0.19%"
"08/02/2013","1.3283","1.3207","1.3295","1.3190","","0.58%"
"08/01/2013","1.3207","1.3301","1.3311","1.3197","","-0.71%"
"07/31/2013","1.3302","1.3264","1.3346","1.3215","","0.29%"
"07/30/2013","1.3263","1.3262","1.3302","1.3234","","0.01%"
"07/29/2013","1.3262","1.3276","1.3297","1.3241","","-0.13%"
"07/26/2013","1.3279","1.3277","1.3297","1.3252","","0.02%"
"07/25/2013","1.3277","1.3199","1.3296","1.3165","","0.58%"
"07/24/2013","1.3201","1.3222","1.3256","1.3176","","-0.17%"
"07/23/2013","1.3224","1.3186","1.3241","1.3165","","0.29%"
"07/22/2013","1.3186","1.3142","1.3220","1.3131","","0.33%"
"07/19/2013","1.3142","1.3110","1.3154","1.3087","","0.24%"
"07/18/2013","1.3110","1.3125","1.3128","1.3066","","-0.11%"
"07/17/2013","1.3125","1.3161","1.3177","1.3084","","-0.28%"
"07/16/2013","1.3162","1.3062","1.3175","1.3052","","0.77%"
"07/15/2013","1.3062","1.3066","1.3085","1.2994","","-0.05%"
"07/12/2013","1.3068","1.3097","1.3103","1.3000","","-0.21%"
"07/11/2013","1.3096","1.2980","1.3204","1.2965","","0.92%"
"07/10/2013","1.2976","1.2781","1.2985","1.2765","","1.53%"
"07/09/2013","1.2781","1.2870","1.2899","1.2755","","-0.69%"
"07/08/2013","1.2870","1.2825","1.2883","1.2809","","0.30%"
"07/05/2013","1.2832","1.2913","1.2918","1.2807","","-0.63%"
"07/04/2013","1.2913","1.3009","1.3024","1.2883","","-0.74%"
"07/03/2013","1.3009","1.2978","1.3032","1.2923","","0.23%"
"07/02/2013","1.2979","1.3065","1.3080","1.2964","","-0.65%"
"07/01/2013","1.3064","1.3006","1.3067","1.3001","","0.42%"
"06/28/2013","1.3010","1.3037","1.3105","1.2992","","-0.21%"
"06/27/2013","1.3037","1.3013","1.3058","1.3001","","0.19%"
"06/26/2013","1.3012","1.3081","1.3088","1.2984","","-0.56%"
"06/25/2013","1.3085","1.3118","1.3151","1.3064","","-0.26%"
"06/24/2013","1.3119","1.3117","1.3146","1.3060","","-0.03%"
"06/21/2013","1.3123","1.3219","1.3254","1.3099","","-0.73%"
"06/20/2013","1.3220","1.3296","1.3303","1.3163","","-0.56%"
"06/19/2013","1.3295","1.3392","1.3415","1.3260","","-0.74%"
"06/18/2013","1.3394","1.3368","1.3416","1.3325","","0.19%"
"06/17/2013","1.3369","1.3342","1.3382","1.3317","","0.16%"
"06/14/2013","1.3347","1.3375","1.3376","1.3294","","-0.21%"
"06/13/2013","1.3375","1.3336","1.3391","1.3278","","0.28%"
"06/12/2013","1.3337","1.3314","1.3361","1.3266","","0.17%"
"06/11/2013","1.3315","1.3257","1.3318","1.3232","","0.44%"
"06/10/2013","1.3257","1.3207","1.3270","1.3177","","0.26%"
"06/07/2013","1.3223","1.3246","1.3285","1.3191","","-0.18%"
"06/06/2013","1.3247","1.3095","1.3306","1.3075","","1.17%"
"06/05/2013","1.3094","1.3081","1.3115","1.3053","","0.10%"
"06/04/2013","1.3081","1.3077","1.3104","1.3043","","0.04%"
"06/03/2013","1.3076","1.2983","1.3108","1.2955","","0.59%"
"05/31/2013","1.2999","1.3053","1.3063","1.2947","","-0.39%"
"05/30/2013","1.3050","1.2940","1.3063","1.2934","","0.84%"
"05/29/2013","1.2941","1.2857","1.2980","1.2840","","0.66%"
"05/28/2013","1.2856","1.2929","1.2951","1.2849","","-0.59%"
"05/27/2013","1.2932","1.2928","1.2951","1.2917","","0.00%"
"05/24/2013","1.2932","1.2938","1.2998","1.2906","","-0.03%"
"05/23/2013","1.2936","1.2857","1.2956","1.2821","","0.61%"
"05/22/2013","1.2858","1.2906","1.3000","1.2833","","-0.37%"
"05/21/2013","1.2906","1.2883","1.2934","1.2841","","0.18%"
"05/20/2013","1.2883","1.2811","1.2902","1.2803","","0.34%"
"05/17/2013","1.2839","1.2881","1.2890","1.2796","","-0.33%"
"05/16/2013","1.2882","1.2886","1.2930","1.2846","","-0.04%"
"05/15/2013","1.2887","1.2919","1.2943","1.2843","","-0.26%"
"05/14/2013","1.2920","1.2976","1.3030","1.2916","","-0.43%"
"05/13/2013","1.2976","1.2957","1.2999","1.2942","","-0.13%"
"05/10/2013","1.2993","1.3042","1.3051","1.2936","","-0.38%"
"05/09/2013","1.3043","1.3154","1.3180","1.3011","","-0.83%"
"05/08/2013","1.3152","1.3079","1.3196","1.3072","","0.56%"
"05/07/2013","1.3079","1.3075","1.3133","1.3068","","0.02%"
"05/06/2013","1.3076","1.3115","1.3143","1.3054","","-0.30%"
"05/03/2013","1.3115","1.3065","1.3160","1.3035","","0.39%"
"05/02/2013","1.3064","1.3180","1.3216","1.3037","","-0.88%"
"05/01/2013","1.3180","1.3169","1.3245","1.3161","","0.10%"
"04/30/2013","1.3167","1.3098","1.3186","1.3056","","0.51%"
"04/29/2013","1.3100","1.3032","1.3117","1.3028","","0.55%"
"04/26/2013","1.3028","1.3013","1.3049","1.2992","","0.12%"
"04/25/2013","1.3013","1.3013","1.3094","1.2989","","-0.02%"
"04/24/2013","1.3016","1.2998","1.3035","1.2955","","0.13%"
"04/23/2013","1.2999","1.3066","1.3085","1.2973","","-0.52%"
"04/22/2013","1.3067","1.3079","1.3094","1.3015","","0.11%"
"04/19/2013","1.3052","1.3050","1.3129","1.3046","","0.00%"
"04/18/2013","1.3052","1.3031","1.3098","1.3022","","0.17%"
"04/17/2013","1.3030","1.3177","1.3203","1.3003","","-1.12%"
"04/16/2013","1.3178","1.3034","1.3203","1.3028","","1.09%"
"04/15/2013","1.3036","1.3134","1.3135","1.3023","","-0.58%"
"04/12/2013","1.3112","1.3098","1.3127","1.3037","","0.07%"
"04/11/2013","1.3103","1.3069","1.3139","1.3044","","0.25%"
"04/10/2013","1.3070","1.3082","1.3123","1.3052","","-0.09%"
"04/09/2013","1.3082","1.3008","1.3104","1.3004","","0.56%"
"04/08/2013","1.3009","1.2975","1.3039","1.2963","","0.15%"
"04/05/2013","1.2990","1.2936","1.3041","1.2900","","0.42%"
"04/04/2013","1.2936","1.2849","1.2950","1.2746","","0.66%"
"04/03/2013","1.2851","1.2820","1.2865","1.2790","","0.24%"
"04/02/2013","1.2820","1.2847","1.2879","1.2809","","-0.23%"
"04/01/2013","1.2849","1.2814","1.2868","1.2771","","0.23%"
"03/29/2013","1.2820","1.2816","1.2839","1.2793","","0.03%"
"03/28/2013","1.2816","1.2780","1.2845","1.2755","","0.28%"
"03/27/2013","1.2780","1.2862","1.2868","1.2750","","-0.63%"
"03/26/2013","1.2861","1.2852","1.2890","1.2828","","0.07%"
"03/25/2013","1.2852","1.2972","1.3049","1.2830","","-1.05%"
"03/22/2013","1.2988","1.2898","1.3011","1.2889","","0.70%"
"03/21/2013","1.2898","1.2932","1.2956","1.2880","","-0.27%"
"03/20/2013","1.2933","1.2881","1.2978","1.2854","","0.39%"
"03/19/2013","1.2883","1.2957","1.2971","1.2845","","-0.56%"
"03/18/2013","1.2956","1.2959","1.2997","1.2882","","-0.92%"
"03/15/2013","1.3076","1.3005","1.3109","1.2999","","0.55%"
"03/14/2013","1.3005","1.2961","1.3033","1.2911","","0.34%"
"03/13/2013","1.2961","1.3034","1.3065","1.2923","","-0.56%"
"03/12/2013","1.3034","1.3044","1.3076","1.2992","","-0.08%"
"03/11/2013","1.3045","1.2999","1.3054","1.2980","","0.30%"
"03/08/2013","1.3006","1.3107","1.3136","1.2957","","-0.76%"
"03/07/2013","1.3106","1.2967","1.3121","1.2967","","1.07%"
"03/06/2013","1.2967","1.3053","1.3072","1.2963","","-0.64%"
"03/05/2013","1.3051","1.3026","1.3077","1.3009","","0.19%"
"03/04/2013","1.3026","1.3018","1.3032","1.2982","","0.03%"
"03/01/2013","1.3022","1.3055","1.3102","1.2967","","-0.26%"
"02/28/2013","1.3056","1.3138","1.3163","1.3051","","-0.63%"
"02/27/2013","1.3139","1.3060","1.3148","1.3041","","0.59%"
"02/26/2013","1.3062","1.3062","1.3121","1.3018","","0.00%"
"02/25/2013","1.3062","1.3175","1.3319","1.3047","","-0.97%"
"02/22/2013","1.3190","1.3190","1.3247","1.3146","","0.01%"
"02/21/2013","1.3189","1.3283","1.3291","1.3161","","-0.69%"
"02/20/2013","1.3281","1.3387","1.3434","1.3270","","-0.80%"
"02/19/2013","1.3388","1.3352","1.3397","1.3329","","0.27%"
"02/18/2013","1.3352","1.3357","1.3377","1.3321","","-0.08%"
"02/15/2013","1.3363","1.3363","1.3394","1.3306","","0.01%"
"02/14/2013","1.3361","1.3451","1.3456","1.3314","","-0.68%"
"02/13/2013","1.3453","1.3453","1.3521","1.3426","","-0.01%"
"02/12/2013","1.3454","1.3406","1.3476","1.3365","","0.35%"
"02/11/2013","1.3407","1.3359","1.3428","1.3325","","0.31%"
"02/08/2013","1.3365","1.3398","1.3431","1.3354","","-0.23%"
"02/07/2013","1.3396","1.3521","1.3577","1.3369","","-0.94%"
"02/06/2013","1.3523","1.3584","1.3598","1.3495","","-0.45%"
"02/05/2013","1.3584","1.3514","1.3599","1.3459","","0.52%"
"02/04/2013","1.3514","1.3642","1.3659","1.3504","","-0.92%"
"02/01/2013","1.3640","1.3577","1.3712","1.3572","","0.45%"
"01/31/2013","1.3579","1.3567","1.3594","1.3540","","0.08%"
"01/30/2013","1.3568","1.3491","1.3588","1.3481","","0.56%"
"01/29/2013","1.3493","1.3455","1.3498","1.3415","","0.27%"
"01/28/2013","1.3456","1.3464","1.3478","1.3424","","-0.04%"
"01/25/2013","1.3462","1.3377","1.3481","1.3350","","0.64%"
"01/24/2013","1.3376","1.3319","1.3394","1.3287","","0.44%"
"01/23/2013","1.3318","1.3321","1.3356","1.3265","","-0.02%"
"01/22/2013","1.3321","1.3312","1.3373","1.3268","","0.05%"
"01/21/2013","1.3314","1.3321","1.3333","1.3300","","-0.04%"
"01/18/2013","1.3319","1.3377","1.3403","1.3281","","-0.43%"
"01/17/2013","1.3377","1.3291","1.3390","1.3271","","0.65%"
"01/16/2013","1.3290","1.3304","1.3325","1.3257","","-0.11%"
"01/15/2013","1.3304","1.3382","1.3394","1.3268","","-0.59%"
"01/14/2013","1.3383","1.3340","1.3404","1.3334","","0.29%"
"01/11/2013","1.3344","1.3272","1.3366","1.3248","","0.55%"
"01/10/2013","1.3271","1.3065","1.3273","1.3039","","1.58%"
"01/09/2013","1.3064","1.3081","1.3096","1.3037","","-0.15%"
"01/08/2013","1.3083","1.3116","1.3142","1.3058","","-0.26%"
"01/07/2013","1.3117","1.3072","1.3121","1.3018","","0.37%"
"01/04/2013","1.3069","1.3048","1.3091","1.2999","","0.16%"
"01/03/2013","1.3048","1.3187","1.3192","1.3046","","-1.05%"
"01/02/2013","1.3186","1.3205","1.3302","1.3157","","-0.14%"
"01/01/2013","1.3205","1.3194","1.3220","1.3180","","0.07%"
"12/31/2012","1.3196","1.3214","1.3236","1.3173","","-0.15%"
"12/28/2012","1.3216","1.3236","1.3258","1.3167","","-0.15%"
"12/27/2012","1.3236","1.3225","1.3285","1.3201","","0.09%"
"12/26/2012","1.3224","1.3183","1.3255","1.3170","","0.31%"
"12/25/2012","1.3183","1.3184","1.3208","1.3170","","-0.02%"
"12/24/2012","1.3186","1.3188","1.3234","1.3167","","-0.02%"
"12/21/2012","1.3188","1.3245","1.3255","1.3159","","-0.42%"
"12/20/2012","1.3244","1.3228","1.3297","1.3189","","0.12%"
"12/19/2012","1.3228","1.3230","1.3310","1.3222","","-0.02%"
"12/18/2012","1.3230","1.3164","1.3239","1.3155","","0.49%"
"12/17/2012","1.3165","1.3190","1.3192","1.3144","","0.02%"
"12/14/2012","1.3163","1.3079","1.3175","1.3067","","0.65%"
"12/13/2012","1.3078","1.3074","1.3102","1.3041","","0.03%"
"12/12/2012","1.3074","1.3007","1.3098","1.2994","","0.52%"
"12/11/2012","1.3006","1.2942","1.3016","1.2929","","0.50%"
"12/10/2012","1.2941","1.2901","1.2947","1.2879","","0.11%"
"12/07/2012","1.2927","1.2969","1.2974","1.2881","","-0.32%"
"12/06/2012","1.2968","1.3068","1.3088","1.2949","","-0.77%"
"12/05/2012","1.3068","1.3095","1.3128","1.3061","","-0.20%"
"12/04/2012","1.3094","1.3053","1.3109","1.3045","","0.31%"
"12/03/2012","1.3054","1.2984","1.3077","1.2972","","0.52%"
"11/30/2012","1.2986","1.2978","1.3028","1.2969","","0.06%"
"11/29/2012","1.2978","1.2952","1.3014","1.2938","","0.19%"
"11/28/2012","1.2953","1.2944","1.2956","1.2880","","0.06%"
"11/27/2012","1.2945","1.2970","1.3010","1.2915","","-0.22%"
"11/26/2012","1.2973","1.2972","1.2985","1.2943","","-0.02%"
"11/23/2012","1.2976","1.2883","1.2992","1.2868","","0.72%"
"11/22/2012","1.2883","1.2828","1.2902","1.2826","","0.42%"
"11/21/2012","1.2829","1.2817","1.2833","1.2734","","0.09%"
"11/20/2012","1.2818","1.2813","1.2830","1.2765","","0.04%"
"11/19/2012","1.2813","1.2739","1.2822","1.2731","","0.54%"
"11/16/2012","1.2744","1.2780","1.2788","1.2689","","-0.28%"
"11/15/2012","1.2780","1.2736","1.2803","1.2717","","0.35%"
"11/14/2012","1.2736","1.2706","1.2778","1.2700","","0.25%"
"11/13/2012","1.2704","1.2709","1.2728","1.2662","","-0.05%"
"11/12/2012","1.2710","1.2712","1.2742","1.2698","","0.01%"
"11/09/2012","1.2709","1.2747","1.2790","1.2689","","-0.30%"
"11/08/2012","1.2747","1.2771","1.2782","1.2718","","-0.19%"
"11/07/2012","1.2771","1.2813","1.2877","1.2735","","-0.34%"
"11/06/2012","1.2814","1.2795","1.2828","1.2763","","0.13%"
"11/05/2012","1.2797","1.2812","1.2843","1.2767","","-0.31%"
"11/02/2012","1.2837","1.2942","1.2952","1.2820","","-0.81%"
"11/01/2012","1.2942","1.2959","1.2982","1.2923","","-0.14%"
"10/31/2012","1.2960","1.2961","1.3023","1.2946","","0.01%"
"10/30/2012","1.2959","1.2904","1.2986","1.2887","","0.43%"
"10/29/2012","1.2904","1.2948","1.2967","1.2885","","-0.29%"
"10/26/2012","1.2942","1.2934","1.2959","1.2883","","0.06%"
"10/25/2012","1.2934","1.2973","1.3024","1.2926","","-0.31%"
"10/24/2012","1.2974","1.2986","1.2999","1.2921","","-0.09%"
"10/23/2012","1.2986","1.3060","1.3077","1.2952","","-0.57%"
"10/22/2012","1.3060","1.3013","1.3085","1.3011","","0.29%"
"10/19/2012","1.3022","1.3065","1.3078","1.3012","","-0.34%"
"10/18/2012","1.3066","1.3119","1.3129","1.3055","","-0.40%"
"10/17/2012","1.3119","1.3054","1.3141","1.3053","","0.50%"
"10/16/2012","1.3054","1.2950","1.3062","1.2943","","0.80%"
"10/15/2012","1.2950","1.2957","1.2980","1.2891","","0.00%"
"10/12/2012","1.2950","1.2927","1.2992","1.2921","","0.18%"
"10/11/2012","1.2927","1.2875","1.2954","1.2826","","0.40%"
"10/10/2012","1.2875","1.2885","1.2914","1.2835","","-0.08%"
"10/09/2012","1.2885","1.2970","1.2991","1.2858","","-0.66%"
"10/08/2012","1.2970","1.3030","1.3036","1.2936","","-0.49%"
"10/05/2012","1.3034","1.3018","1.3072","1.2993","","0.12%"
"10/04/2012","1.3018","1.2905","1.3032","1.2901","","0.87%"
"10/03/2012","1.2906","1.2919","1.2938","1.2877","","-0.11%"
"10/02/2012","1.2920","1.2888","1.2969","1.2880","","0.24%"
"10/01/2012","1.2889","1.2859","1.2940","1.2803","","0.24%"
"09/28/2012","1.2858","1.2912","1.2959","1.2837","","-0.43%"
"09/27/2012","1.2914","1.2871","1.2929","1.2828","","0.33%"
"09/26/2012","1.2872","1.2899","1.2913","1.2835","","-0.22%"
"09/25/2012","1.2900","1.2933","1.2973","1.2887","","-0.24%"
"09/24/2012","1.2931","1.2981","1.2990","1.2890","","-0.38%"
"09/21/2012","1.2980","1.2969","1.3047","1.2954","","0.08%"
"09/20/2012","1.2969","1.3049","1.3060","1.2920","","-0.61%"
"09/19/2012","1.3048","1.3046","1.3086","1.2992","","0.00%"
"09/18/2012","1.3048","1.3118","1.3122","1.3028","","-0.53%"
"09/17/2012","1.3117","1.3127","1.3170","1.3083","","-0.08%"
"09/14/2012","1.3127","1.2990","1.3171","1.2980","","1.06%"
"09/13/2012","1.2989","1.2900","1.3002","1.2857","","0.69%"
"09/12/2012","1.2900","1.2855","1.2937","1.2816","","0.35%"
"09/11/2012","1.2855","1.2757","1.2872","1.2754","","0.75%"
"09/10/2012","1.2759","1.2807","1.2813","1.2755","","-0.44%"
"09/07/2012","1.2816","1.2631","1.2818","1.2626","","1.46%"
"09/06/2012","1.2631","1.2603","1.2652","1.2562","","0.24%"
"09/05/2012","1.2601","1.2567","1.2626","1.2502","","0.27%"
"09/04/2012","1.2567","1.2593","1.2630","1.2557","","-0.21%"
"09/03/2012","1.2594","1.2567","1.2611","1.2556","","0.14%"
"08/31/2012","1.2577","1.2506","1.2638","1.2493","","0.57%"
"08/30/2012","1.2506","1.2531","1.2565","1.2488","","-0.18%"
"08/29/2012","1.2529","1.2565","1.2574","1.2517","","-0.29%"
"08/28/2012","1.2565","1.2498","1.2576","1.2464","","0.52%"
"08/27/2012","1.2500","1.2511","1.2536","1.2489","","-0.10%"
"08/24/2012","1.2513","1.2563","1.2569","1.2483","","-0.41%"
"08/23/2012","1.2564","1.2528","1.2591","1.2524","","0.29%"
"08/22/2012","1.2528","1.2473","1.2540","1.2431","","0.45%"
"08/21/2012","1.2472","1.2347","1.2490","1.2342","","1.04%"
"08/20/2012","1.2344","1.2344","1.2369","1.2294","","0.08%"
"08/17/2012","1.2334","1.2355","1.2382","1.2288","","-0.17%"
"08/16/2012","1.2355","1.2292","1.2374","1.2256","","0.54%"
"08/15/2012","1.2289","1.2322","1.2344","1.2263","","-0.27%"
"08/14/2012","1.2322","1.2332","1.2386","1.2316","","-0.08%"
"08/13/2012","1.2332","1.2280","1.2374","1.2260","","0.34%"
"08/10/2012","1.2290","1.2306","1.2317","1.2239","","-0.13%"
"08/09/2012","1.2306","1.2367","1.2388","1.2266","","-0.48%"
"08/08/2012","1.2365","1.2401","1.2403","1.2327","","-0.29%"
"08/07/2012","1.2401","1.2401","1.2442","1.2375","","0.00%"
"08/06/2012","1.2401","1.2379","1.2444","1.2341","","0.11%"
"08/03/2012","1.2387","1.2180","1.2394","1.2166","","1.70%"
"08/02/2012","1.2180","1.2224","1.2405","1.2132","","-0.38%"
"08/01/2012","1.2226","1.2304","1.2338","1.2218","","-0.63%"
"07/31/2012","1.2304","1.2262","1.2330","1.2247","","0.36%"
"07/30/2012","1.2260","1.2340","1.2340","1.2224","","-0.48%"
"07/27/2012","1.2319","1.2283","1.2390","1.2241","","0.29%"
"07/26/2012","1.2283","1.2159","1.2330","1.2117","","1.02%"
"07/25/2012","1.2159","1.2060","1.2172","1.2052","","0.82%"
"07/24/2012","1.2060","1.2116","1.2138","1.2041","","-0.45%"
"07/23/2012","1.2115","1.2119","1.2146","1.2069","","-0.35%"
"07/20/2012","1.2157","1.2279","1.2283","1.2144","","-1.00%"
"07/19/2012","1.2280","1.2284","1.2322","1.2228","","-0.03%"
"07/18/2012","1.2284","1.2296","1.2307","1.2216","","-0.08%"
"07/17/2012","1.2294","1.2273","1.2317","1.2188","","0.17%"
"07/16/2012","1.2273","1.2255","1.2291","1.2174","","0.17%"
"07/13/2012","1.2252","1.2197","1.2258","1.2161","","0.44%"
"07/12/2012","1.2198","1.2239","1.2250","1.2167","","-0.33%"
"07/11/2012","1.2239","1.2252","1.2298","1.2213","","-0.11%"
"07/10/2012","1.2252","1.2317","1.2336","1.2235","","-0.54%"
"07/09/2012","1.2319","1.2271","1.2325","1.2256","","0.25%"
"07/06/2012","1.2288","1.2392","1.2403","1.2260","","-0.85%"
"07/05/2012","1.2393","1.2527","1.2539","1.2363","","-1.04%"
"07/04/2012","1.2523","1.2605","1.2607","1.2507","","-0.67%"
"07/03/2012","1.2607","1.2584","1.2630","1.2559","","0.17%"
"07/02/2012","1.2586","1.2671","1.2673","1.2567","","-0.58%"
"06/29/2012","1.2660","1.2441","1.2694","1.2434","","1.77%"
"06/28/2012","1.2440","1.2471","1.2526","1.2407","","-0.24%"
"06/27/2012","1.2470","1.2492","1.2511","1.2445","","-0.16%"
"06/26/2012","1.2490","1.2502","1.2531","1.2442","","-0.12%"
"06/25/2012","1.2505","1.2553","1.2559","1.2471","","-0.52%"
"06/22/2012","1.2570","1.2548","1.2585","1.2520","","0.21%"
"06/21/2012","1.2544","1.2706","1.2706","1.2531","","-1.26%"
"06/20/2012","1.2704","1.2687","1.2744","1.2637","","0.13%"
"06/19/2012","1.2688","1.2575","1.2731","1.2568","","0.89%"
"06/18/2012","1.2576","1.2721","1.2748","1.2557","","-0.49%"
"06/15/2012","1.2638","1.2628","1.2666","1.2592","","0.06%"
"06/14/2012","1.2631","1.2565","1.2638","1.2542","","0.60%"
"06/13/2012","1.2556","1.2506","1.2611","1.2473","","0.34%"
"06/12/2012","1.2513","1.2466","1.2530","1.2441","","0.30%"
"06/11/2012","1.2475","1.2658","1.2668","1.2471","","-0.34%"
"06/08/2012","1.2517","1.2563","1.2576","1.2435","","-0.36%"
"06/07/2012","1.2562","1.2579","1.2627","1.2540","","-0.08%"
"06/06/2012","1.2572","1.2452","1.2586","1.2439","","0.95%"
"06/05/2012","1.2454","1.2494","1.2543","1.2410","","-0.35%"
"06/04/2012","1.2498","1.2433","1.2511","1.2386","","0.51%"
"06/01/2012","1.2435","1.2361","1.2458","1.2288","","0.61%"
"05/31/2012","1.2359","1.2367","1.2430","1.2338","","-0.09%"
"05/30/2012","1.2370","1.2485","1.2494","1.2361","","-1.02%"
"05/29/2012","1.2498","1.2542","1.2576","1.2463","","-0.35%"
"05/28/2012","1.2542","1.2567","1.2626","1.2525","","0.20%"
"05/25/2012","1.2517","1.2541","1.2604","1.2497","","-0.15%"
"05/24/2012","1.2536","1.2590","1.2620","1.2515","","-0.40%"
"05/23/2012","1.2586","1.2687","1.2689","1.2546","","-0.77%"
"05/22/2012","1.2684","1.2814","1.2819","1.2658","","-1.01%"
"05/21/2012","1.2814","1.2784","1.2827","1.2726","","0.24%"
"05/18/2012","1.2783","1.2685","1.2795","1.2641","","0.70%"
"05/17/2012","1.2694","1.2716","1.2750","1.2666","","-0.17%"
"05/16/2012","1.2716","1.2732","1.2760","1.2680","","-0.12%"
"05/15/2012","1.2731","1.2824","1.2870","1.2721","","-0.74%"
"05/14/2012","1.2826","1.2882","1.2905","1.2820","","-0.70%"
"05/11/2012","1.2917","1.2933","1.2959","1.2905","","-0.15%"
"05/10/2012","1.2936","1.2931","1.2980","1.2923","","0.02%"
"05/09/2012","1.2933","1.2999","1.3005","1.2910","","-0.54%"
"05/08/2012","1.3003","1.3058","1.3066","1.2982","","-0.39%"
"05/07/2012","1.3054","1.3030","1.3067","1.2957","","-0.22%"
"05/04/2012","1.3083","1.3152","1.3180","1.3079","","-0.52%"
"05/03/2012","1.3152","1.3154","1.3182","1.3099","","-0.04%"
"05/02/2012","1.3157","1.3239","1.3244","1.3124","","-0.62%"
"05/01/2012","1.3239","1.3243","1.3285","1.3205","","-0.02%"
"04/30/2012","1.3241","1.3239","1.3266","1.3207","","-0.11%"
"04/27/2012","1.3255","1.3191","1.3273","1.3157","","0.35%"
"04/26/2012","1.3209","1.3222","1.3264","1.3199","","-0.11%"
"04/25/2012","1.3223","1.3195","1.3236","1.3174","","0.22%"
"04/24/2012","1.3194","1.3157","1.3218","1.3144","","0.30%"
"04/23/2012","1.3155","1.3192","1.3211","1.3104","","-0.52%"
"04/20/2012","1.3224","1.3137","1.3228","1.3129","","0.67%"
"04/19/2012","1.3136","1.3122","1.3166","1.3070","","0.11%"
"04/18/2012","1.3121","1.3127","1.3142","1.3058","","-0.03%"
"04/17/2012","1.3125","1.3136","1.3174","1.3090","","-0.11%"
"04/16/2012","1.3139","1.3066","1.3148","1.2994","","0.47%"
"04/13/2012","1.3077","1.3186","1.3203","1.3070","","-0.83%"
"04/12/2012","1.3186","1.3108","1.3213","1.3100","","0.58%"
"04/11/2012","1.3110","1.3082","1.3157","1.3065","","0.22%"
"04/10/2012","1.3081","1.3107","1.3145","1.3053","","-0.16%"
"04/09/2012","1.3102","1.3102","1.3135","1.3034","","0.05%"
"04/06/2012","1.3096","1.3064","1.3114","1.3052","","0.24%"
"04/05/2012","1.3064","1.3140","1.3165","1.3034","","-0.59%"
"04/04/2012","1.3142","1.3232","1.3238","1.3106","","-0.70%"
"04/03/2012","1.3234","1.3320","1.3368","1.3213","","-0.67%"
"04/02/2012","1.3323","1.3359","1.3382","1.3277","","-0.16%"
"03/30/2012","1.3344","1.3299","1.3377","1.3296","","0.32%"
"03/29/2012","1.3302","1.3316","1.3346","1.3251","","-0.11%"
"03/28/2012","1.3317","1.3318","1.3376","1.3277","","-0.01%"
"03/27/2012","1.3318","1.3354","1.3386","1.3311","","-0.30%"
"03/26/2012","1.3358","1.3272","1.3368","1.3191","","0.64%"
"03/23/2012","1.3273","1.3198","1.3295","1.3190","","0.57%"
"03/22/2012","1.3198","1.3210","1.3256","1.3135","","-0.11%"
"03/21/2012","1.3212","1.3224","1.3285","1.3178","","-0.10%"
"03/20/2012","1.3225","1.3239","1.3253","1.3172","","-0.12%"
"03/19/2012","1.3241","1.3180","1.3266","1.3142","","0.50%"
"03/16/2012","1.3175","1.3083","1.3189","1.3048","","0.70%"
"03/15/2012","1.3083","1.3030","1.3120","1.3003","","0.41%"
"03/14/2012","1.3029","1.3078","1.3092","1.3010","","-0.42%"
"03/13/2012","1.3084","1.3150","1.3193","1.3052","","-0.54%"
"03/12/2012","1.3155","1.3112","1.3160","1.3079","","0.31%"
"03/09/2012","1.3114","1.3281","1.3283","1.3096","","-1.18%"
"03/08/2012","1.3271","1.3147","1.3292","1.3134","","0.92%"
"03/07/2012","1.3150","1.3116","1.3165","1.3096","","0.27%"
"03/06/2012","1.3115","1.3220","1.3227","1.3102","","-0.78%"
"03/05/2012","1.3218","1.3190","1.3241","1.3159","","0.11%"
"03/02/2012","1.3203","1.3314","1.3335","1.3188","","-0.82%"
"03/01/2012","1.3312","1.3327","1.3357","1.3281","","-0.11%"
"02/29/2012","1.3326","1.3466","1.3487","1.3315","","-1.07%"
"02/28/2012","1.3470","1.3396","1.3472","1.3388","","0.52%"
"02/27/2012","1.3400","1.3464","1.3479","1.3365","","-0.42%"
"02/24/2012","1.3457","1.3375","1.3489","1.3357","","0.66%"
"02/23/2012","1.3369","1.3245","1.3375","1.3230","","0.94%"
"02/22/2012","1.3245","1.3236","1.3268","1.3211","","0.03%"
"02/21/2012","1.3241","1.3246","1.3294","1.3186","","0.01%"
"02/20/2012","1.3240","1.3185","1.3277","1.3173","","0.67%"
"02/17/2012","1.3152","1.3133","1.3199","1.3114","","0.08%"
"02/16/2012","1.3141","1.3067","1.3161","1.2975","","0.54%"
"02/15/2012","1.3071","1.3126","1.3191","1.3044","","-0.37%"
"02/14/2012","1.3119","1.3193","1.3217","1.3079","","-0.57%"
"02/13/2012","1.3194","1.3208","1.3284","1.3187","","0.14%"
"02/10/2012","1.3175","1.3284","1.3293","1.3155","","-0.81%"
"02/09/2012","1.3283","1.3262","1.3323","1.3215","","0.19%"
"02/08/2012","1.3258","1.3260","1.3291","1.3218","","-0.06%"
"02/07/2012","1.3266","1.3135","1.3272","1.3087","","1.01%"
"02/06/2012","1.3134","1.3114","1.3144","1.3029","","-0.08%"
"02/03/2012","1.3144","1.3144","1.3205","1.3066","","-0.02%"
"02/02/2012","1.3146","1.3161","1.3197","1.3085","","-0.10%"
"02/01/2012","1.3159","1.3081","1.3218","1.3024","","0.61%"
"01/31/2012","1.3079","1.3135","1.3213","1.3041","","-0.37%"
"01/30/2012","1.3127","1.3226","1.3232","1.3076","","-0.75%"
"01/27/2012","1.3226","1.3106","1.3230","1.3077","","0.96%"
"01/26/2012","1.3100","1.3104","1.3186","1.3091","","-0.08%"
"01/25/2012","1.3110","1.3028","1.3121","1.2929","","0.68%"
"01/24/2012","1.3022","1.3028","1.3064","1.2954","","-0.06%"
"01/23/2012","1.3030","1.2872","1.3054","1.2872","","0.71%"
"01/20/2012","1.2938","1.2967","1.2986","1.2887","","-0.21%"
"01/19/2012","1.2965","1.2858","1.2971","1.2837","","0.86%"
"01/18/2012","1.2854","1.2736","1.2864","1.2732","","0.89%"
"01/17/2012","1.2740","1.2664","1.2811","1.2649","","0.60%"
"01/16/2012","1.2664","1.2639","1.2689","1.2626","","-0.10%"
"01/13/2012","1.2677","1.2822","1.2879","1.2624","","-1.16%"
"01/12/2012","1.2826","1.2706","1.2845","1.2698","","0.96%"
"01/11/2012","1.2704","1.2774","1.2790","1.2662","","-0.53%"
"01/10/2012","1.2772","1.2766","1.2819","1.2742","","0.04%"
"01/09/2012","1.2767","1.2693","1.2788","1.2666","","0.36%"
"01/06/2012","1.2721","1.2788","1.2812","1.2696","","-0.46%"
"01/05/2012","1.2780","1.2944","1.2948","1.2769","","-1.25%"
"01/04/2012","1.2942","1.3051","1.3074","1.2898","","-0.84%"
"01/03/2012","1.3051","1.2933","1.3077","1.2931","","0.94%"
"01/02/2012","1.2929","1.2938","1.2968","1.2916","","-0.15%"
"12/30/2011","1.2948","1.2963","1.3001","1.2904","","-0.11%"
"12/29/2011","1.2962","1.2939","1.2965","1.2857","","0.20%"
"12/28/2011","1.2936","1.3070","1.3081","1.2910","","-1.01%"
"12/27/2011","1.3068","1.3062","1.3083","1.3041","","0.06%"
"12/26/2011","1.3060","1.3046","1.3084","1.3032","","0.13%"
"12/23/2011","1.3043","1.3051","1.3098","1.3026","","-0.06%"
"12/22/2011","1.3051","1.3047","1.3121","1.3018","","0.05%"
"12/21/2011","1.3045","1.3079","1.3197","1.3024","","-0.26%"
"12/20/2011","1.3079","1.3003","1.3133","1.2994","","0.65%"
"12/19/2011","1.2995","1.3043","1.3044","1.2981","","-0.31%"
"12/16/2011","1.3035","1.3020","1.3087","1.2997","","0.13%"
"12/15/2011","1.3018","1.2982","1.3051","1.2957","","0.29%"
"12/14/2011","1.2981","1.3030","1.3064","1.2945","","-0.41%"
"12/13/2011","1.3034","1.3188","1.3237","1.3007","","-1.15%"
"12/12/2011","1.3186","1.3384","1.3388","1.3163","","-1.41%"
"12/09/2011","1.3375","1.3344","1.3436","1.3283","","0.22%"
"12/08/2011","1.3346","1.3413","1.3460","1.3289","","-0.50%"
"12/07/2011","1.3413","1.3397","1.3455","1.3350","","0.07%"
"12/06/2011","1.3403","1.3390","1.3428","1.3333","","0.00%"
"12/05/2011","1.3403","1.3436","1.3487","1.3375","","0.00%"
"12/02/2011","1.3403","1.3463","1.3549","1.3362","","-0.45%"
"12/01/2011","1.3464","1.3437","1.3522","1.3416","","0.16%"
"11/30/2011","1.3443","1.3317","1.3533","1.3260","","0.84%"
"11/29/2011","1.3331","1.3314","1.3445","1.3287","","0.16%"
"11/28/2011","1.3310","1.3319","1.3400","1.3273","","0.57%"
"11/25/2011","1.3234","1.3346","1.3356","1.3211","","-0.87%"
"11/24/2011","1.3350","1.3345","1.3413","1.3317","","0.11%"
"11/23/2011","1.3335","1.3510","1.3533","1.3320","","-1.32%"
"11/22/2011","1.3514","1.3493","1.3569","1.3468","","0.14%"
"11/21/2011","1.3495","1.3507","1.3541","1.3430","","-0.11%"
"11/18/2011","1.3510","1.3460","1.3615","1.3447","","0.37%"
"11/17/2011","1.3460","1.3457","1.3540","1.3420","","-0.02%"
"11/16/2011","1.3463","1.3536","1.3559","1.3428","","-0.52%"
"11/15/2011","1.3533","1.3632","1.3641","1.3497","","-0.68%"
"11/14/2011","1.3626","1.3809","1.3813","1.3592","","-0.92%"
"11/11/2011","1.3752","1.3601","1.3798","1.3579","","1.10%"
"11/10/2011","1.3603","1.3546","1.3655","1.3483","","0.42%"
"11/09/2011","1.3546","1.3836","1.3859","1.3523","","-2.11%"
"11/08/2011","1.3838","1.3776","1.3848","1.3723","","0.45%"
"11/07/2011","1.3776","1.3837","1.3838","1.3680","","-0.14%"
"11/04/2011","1.3796","1.3813","1.3868","1.3712","","-0.14%"
"11/03/2011","1.3815","1.3750","1.3855","1.3655","","0.50%"
"11/02/2011","1.3746","1.3695","1.3830","1.3636","","0.37%"
"11/01/2011","1.3696","1.3857","1.3873","1.3610","","-1.16%"
"10/31/2011","1.3857","1.4150","1.4171","1.3828","","-2.06%"
"10/28/2011","1.4148","1.4183","1.4202","1.4135","","-0.31%"
"10/27/2011","1.4192","1.3884","1.4249","1.3865","","2.09%"
"10/26/2011","1.3902","1.3912","1.3977","1.3799","","-0.03%"
"10/25/2011","1.3906","1.3931","1.3962","1.3849","","-0.14%"
"10/24/2011","1.3925","1.3864","1.3956","1.3821","","0.21%"
"10/21/2011","1.3896","1.3775","1.3903","1.3705","","0.86%"
"10/20/2011","1.3777","1.3756","1.3845","1.3657","","0.15%"
"10/19/2011","1.3756","1.3739","1.3870","1.3725","","0.12%"
"10/18/2011","1.3739","1.3735","1.3819","1.3653","","-0.02%"
"10/17/2011","1.3742","1.3885","1.3916","1.3726","","-0.97%"
"10/14/2011","1.3877","1.3773","1.3896","1.3722","","0.73%"
"10/13/2011","1.3776","1.3785","1.3829","1.3685","","-0.08%"
"10/12/2011","1.3787","1.3649","1.3834","1.3581","","1.04%"
"10/11/2011","1.3645","1.3640","1.3685","1.3565","","0.01%"
"10/10/2011","1.3643","1.3396","1.3699","1.3377","","1.99%"
"10/07/2011","1.3377","1.3431","1.3527","1.3362","","-0.41%"
"10/06/2011","1.3432","1.3354","1.3451","1.3241","","0.63%"
"10/05/2011","1.3348","1.3346","1.3385","1.3259","","0.06%"
"10/04/2011","1.3340","1.3183","1.3371","1.3146","","1.30%"
"10/03/2011","1.3169","1.3337","1.3382","1.3163","","-1.62%"
"09/30/2011","1.3386","1.3585","1.3604","1.3383","","-1.53%"
"09/29/2011","1.3594","1.3529","1.3680","1.3520","","0.38%"
"09/28/2011","1.3542","1.3590","1.3691","1.3533","","-0.37%"
"09/27/2011","1.3592","1.3527","1.3668","1.3478","","0.38%"
"09/26/2011","1.3540","1.3510","1.3552","1.3364","","0.31%"
"09/23/2011","1.3498","1.3462","1.3570","1.3417","","0.28%"
"09/22/2011","1.3460","1.3579","1.3601","1.3382","","-0.78%"
"09/21/2011","1.3566","1.3702","1.3790","1.3558","","-1.02%"
"09/20/2011","1.3706","1.3674","1.3746","1.3594","","0.15%"
"09/19/2011","1.3685","1.3672","1.3721","1.3587","","-0.83%"
"09/16/2011","1.3800","1.3886","1.3887","1.3755","","-0.56%"
"09/15/2011","1.3878","1.3744","1.3939","1.3704","","0.95%"
"09/14/2011","1.3747","1.3683","1.3785","1.3591","","0.47%"
"09/13/2011","1.3683","1.3670","1.3741","1.3558","","0.07%"
"09/12/2011","1.3673","1.3568","1.3693","1.3500","","0.15%"
"09/09/2011","1.3653","1.3883","1.3938","1.3628","","-1.65%"
"09/08/2011","1.3882","1.4094","1.4097","1.3872","","-1.53%"
"09/07/2011","1.4097","1.3994","1.4148","1.3992","","0.69%"
"09/06/2011","1.4000","1.4097","1.4277","1.3973","","-0.65%"
"09/05/2011","1.4092","1.4167","1.4174","1.4061","","-0.80%"
"09/02/2011","1.4205","1.4260","1.4291","1.4184","","-0.38%"
"09/01/2011","1.4259","1.4375","1.4381","1.4224","","-0.83%"
"08/31/2011","1.4379","1.4436","1.4470","1.4360","","-0.46%"
"08/30/2011","1.4446","1.4516","1.4535","1.4385","","-0.44%"
"08/29/2011","1.4510","1.4497","1.4550","1.4466","","0.08%"
"08/26/2011","1.4499","1.4374","1.4503","1.4329","","0.83%"
"08/25/2011","1.4380","1.4412","1.4476","1.4327","","-0.23%"
"08/24/2011","1.4413","1.4432","1.4482","1.4379","","-0.17%"
"08/23/2011","1.4438","1.4358","1.4499","1.4352","","0.54%"
"08/22/2011","1.4360","1.4375","1.4436","1.4346","","-0.26%"
"08/19/2011","1.4398","1.4329","1.4455","1.4259","","0.47%"
"08/18/2011","1.4331","1.4423","1.4451","1.4270","","-0.65%"
"08/17/2011","1.4425","1.4403","1.4519","1.4325","","0.11%"
"08/16/2011","1.4409","1.4447","1.4474","1.4354","","-0.26%"
"08/15/2011","1.4446","1.4261","1.4478","1.4261","","1.38%"
"08/12/2011","1.4249","1.4240","1.4293","1.4150","","0.04%"
"08/11/2011","1.4243","1.4163","1.4296","1.4103","","0.49%"
"08/10/2011","1.4174","1.4395","1.4403","1.4162","","-1.36%"
"08/09/2011","1.4370","1.4173","1.4381","1.4152","","1.36%"
"08/08/2011","1.4177","1.4387","1.4404","1.4131","","-0.74%"
"08/05/2011","1.4282","1.4099","1.4299","1.4056","","1.23%"
"08/04/2011","1.4108","1.4332","1.4371","1.4089","","-1.51%"
"08/03/2011","1.4325","1.4183","1.4345","1.4143","","0.93%"
"08/02/2011","1.4193","1.4262","1.4284","1.4150","","-0.41%"
"08/01/2011","1.4251","1.4358","1.4455","1.4186","","-1.01%"
"07/29/2011","1.4396","1.4328","1.4414","1.4229","","0.45%"
"07/28/2011","1.4331","1.4373","1.4402","1.4253","","-0.24%"
"07/27/2011","1.4365","1.4514","1.4537","1.4339","","-1.01%"
"07/26/2011","1.4512","1.4375","1.4526","1.4356","","0.95%"
"07/25/2011","1.4376","1.4398","1.4408","1.4325","","0.14%"
"07/22/2011","1.4356","1.4423","1.4440","1.4325","","-0.46%"
"07/21/2011","1.4423","1.4226","1.4440","1.4139","","1.43%"
"07/20/2011","1.4220","1.4153","1.4243","1.4133","","0.45%"
"07/19/2011","1.4156","1.4101","1.4219","1.4068","","0.32%"
"07/18/2011","1.4111","1.4113","1.4135","1.4011","","-0.30%"
"07/15/2011","1.4153","1.4144","1.4202","1.4093","","0.06%"
"07/14/2011","1.4145","1.4189","1.4284","1.4116","","-0.27%"
"07/13/2011","1.4184","1.3976","1.4212","1.3952","","1.47%"
"07/12/2011","1.3979","1.4046","1.4065","1.3838","","-0.41%"
"07/11/2011","1.4036","1.4215","1.4228","1.3984","","-1.64%"
"07/08/2011","1.4270","1.4360","1.4371","1.4207","","-0.63%"
"07/07/2011","1.4361","1.4318","1.4376","1.4221","","0.30%"
"07/06/2011","1.4318","1.4421","1.4468","1.4284","","-0.73%"
"07/05/2011","1.4423","1.4541","1.4554","1.4396","","-0.81%"
"07/04/2011","1.4541","1.4543","1.4581","1.4493","","0.11%"
"07/01/2011","1.4525","1.4500","1.4554","1.4437","","0.13%"
"06/30/2011","1.4506","1.4434","1.4541","1.4426","","0.48%"
"06/29/2011","1.4436","1.4364","1.4449","1.4327","","0.47%"
"06/28/2011","1.4369","1.4284","1.4398","1.4235","","0.60%"
"06/27/2011","1.4284","1.4193","1.4296","1.4103","","0.64%"
"06/24/2011","1.4193","1.4264","1.4312","1.4142","","-0.46%"
"06/23/2011","1.4259","1.4335","1.4341","1.4127","","-0.66%"
"06/22/2011","1.4354","1.4396","1.4442","1.4339","","-0.37%"
"06/21/2011","1.4407","1.4306","1.4423","1.4304","","0.68%"
"06/20/2011","1.4309","1.4274","1.4329","1.4191","","-0.01%"
"06/17/2011","1.4311","1.4213","1.4342","1.4127","","0.69%"
"06/16/2011","1.4213","1.4164","1.4221","1.4074","","0.32%"
"06/15/2011","1.4168","1.4442","1.4456","1.4156","","-1.89%"
"06/14/2011","1.4441","1.4420","1.4501","1.4379","","0.17%"
"06/13/2011","1.4417","1.4329","1.4432","1.4320","","0.48%"
"06/10/2011","1.4348","1.4510","1.4553","1.4323","","-1.10%"
"06/09/2011","1.4508","1.4577","1.4651","1.4476","","-0.47%"
"06/08/2011","1.4577","1.4691","1.4695","1.4564","","-0.78%"
"06/07/2011","1.4691","1.4577","1.4698","1.4563","","0.78%"
"06/06/2011","1.4577","1.4628","1.4659","1.4556","","-0.41%"
"06/03/2011","1.4637","1.4494","1.4645","1.4454","","1.01%"
"06/02/2011","1.4491","1.4322","1.4514","1.4322","","1.24%"
"06/01/2011","1.4314","1.4393","1.4460","1.4307","","-0.57%"
"05/31/2011","1.4396","1.4284","1.4425","1.4284","","0.81%"
"05/30/2011","1.4280","1.4314","1.4314","1.4257","","-0.31%"
"05/27/2011","1.4324","1.4137","1.4325","1.4126","","1.31%"
"05/26/2011","1.4139","1.4085","1.4207","1.4066","","0.37%"
"05/25/2011","1.4087","1.4101","1.4120","1.4013","","-0.12%"
"05/24/2011","1.4104","1.4045","1.4133","1.4000","","0.38%"
"05/23/2011","1.4051","1.4131","1.4144","1.3969","","-0.73%"
"05/20/2011","1.4155","1.4308","1.4348","1.4134","","-1.11%"
"05/19/2011","1.4314","1.4249","1.4327","1.4205","","0.48%"
"05/18/2011","1.4246","1.4236","1.4288","1.4194","","0.06%"
"05/17/2011","1.4238","1.4160","1.4240","1.4118","","0.59%"
"05/16/2011","1.4154","1.4078","1.4245","1.4047","","0.23%"
"05/13/2011","1.4121","1.4243","1.4342","1.4067","","-0.86%"
"05/12/2011","1.4243","1.4205","1.4278","1.4123","","0.32%"
"05/11/2011","1.4197","1.4406","1.4425","1.4172","","-1.46%"
"05/10/2011","1.4407","1.4353","1.4414","1.4268","","0.30%"
"05/09/2011","1.4364","1.4369","1.4443","1.4255","","0.38%"
"05/06/2011","1.4310","1.4543","1.4590","1.4310","","-1.59%"
"05/05/2011","1.4541","1.4829","1.4903","1.4512","","-1.91%"
"05/04/2011","1.4824","1.4823","1.4942","1.4776","","-0.03%"
"05/03/2011","1.4828","1.4820","1.4892","1.4753","","0.01%"
"05/02/2011","1.4827","1.4826","1.4905","1.4763","","0.17%"
"04/29/2011","1.4802","1.4828","1.4881","1.4802","","-0.15%"
"04/28/2011","1.4824","1.4783","1.4883","1.4769","","0.32%"
"04/27/2011","1.4777","1.4646","1.4796","1.4632","","0.91%"
"04/26/2011","1.4644","1.4579","1.4659","1.4493","","0.43%"
"04/25/2011","1.4581","1.4560","1.4629","1.4524","","0.17%"
"04/22/2011","1.4556","1.4552","1.4589","1.4533","","0.03%"
"04/21/2011","1.4552","1.4520","1.4650","1.4504","","0.23%"
"04/20/2011","1.4518","1.4337","1.4546","1.4325","","1.26%"
"04/19/2011","1.4337","1.4224","1.4354","1.4204","","0.72%"
"04/18/2011","1.4234","1.4419","1.4422","1.4157","","-1.37%"
"04/15/2011","1.4432","1.4488","1.4507","1.4392","","-0.39%"
"04/14/2011","1.4489","1.4441","1.4516","1.4363","","0.33%"
"04/13/2011","1.4441","1.4477","1.4521","1.4411","","-0.25%"
"04/12/2011","1.4477","1.4432","1.4520","1.4375","","0.29%"
"04/11/2011","1.4435","1.4454","1.4484","1.4417","","-0.32%"
"04/08/2011","1.4481","1.4304","1.4491","1.4292","","1.24%"
"04/07/2011","1.4304","1.4335","1.4346","1.4243","","-0.20%"
"04/06/2011","1.4333","1.4217","1.4351","1.4209","","0.77%"
"04/05/2011","1.4223","1.4220","1.4248","1.4152","","0.01%"
"04/04/2011","1.4222","1.4226","1.4272","1.4194","","-0.06%"
"04/01/2011","1.4231","1.4174","1.4248","1.4062","","0.45%"
"03/31/2011","1.4167","1.4129","1.4234","1.4114","","0.28%"
"03/30/2011","1.4127","1.4112","1.4148","1.4051","","0.11%"
"03/29/2011","1.4111","1.4081","1.4151","1.4047","","0.18%"
"03/28/2011","1.4085","1.4046","1.4116","1.4020","","0.01%"
"03/25/2011","1.4084","1.4171","1.4196","1.4055","","-0.64%"
"03/24/2011","1.4175","1.4091","1.4223","1.4051","","0.65%"
"03/23/2011","1.4083","1.4198","1.4217","1.4078","","-0.84%"
"03/22/2011","1.4202","1.4219","1.4249","1.4173","","-0.18%"
"03/21/2011","1.4227","1.4182","1.4241","1.4138","","0.34%"
"03/18/2011","1.4179","1.4017","1.4187","1.3981","","1.12%"
"03/17/2011","1.4022","1.3906","1.4053","1.3869","","0.86%"
"03/16/2011","1.3903","1.3998","1.4002","1.3865","","-0.66%"
"03/15/2011","1.3996","1.3986","1.4013","1.3853","","0.04%"
"03/14/2011","1.3990","1.3962","1.4003","1.3902","","0.58%"
"03/11/2011","1.3910","1.3798","1.3916","1.3752","","0.84%"
"03/10/2011","1.3794","1.3906","1.3927","1.3775","","-0.82%"
"03/09/2011","1.3908","1.3904","1.3943","1.3854","","0.03%"
"03/08/2011","1.3904","1.3972","1.3994","1.3861","","-0.49%"
"03/07/2011","1.3973","1.3996","1.4038","1.3952","","-0.09%"
"03/04/2011","1.3985","1.3968","1.4009","1.3939","","0.14%"
"03/03/2011","1.3966","1.3868","1.3974","1.3833","","0.74%"
"03/02/2011","1.3864","1.3775","1.3889","1.3742","","0.64%"
"03/01/2011","1.3776","1.3803","1.3855","1.3762","","-0.19%"
"02/28/2011","1.3802","1.3757","1.3856","1.3710","","0.37%"
"02/25/2011","1.3751","1.3797","1.3838","1.3722","","-0.38%"
"02/24/2011","1.3804","1.3747","1.3821","1.3702","","0.41%"
"02/23/2011","1.3747","1.3659","1.3788","1.3646","","0.68%"
"02/22/2011","1.3654","1.3677","1.3704","1.3525","","-0.17%"
"02/21/2011","1.3677","1.3703","1.3719","1.3646","","-0.15%"
"02/18/2011","1.3697","1.3609","1.3718","1.3548","","0.70%"
"02/17/2011","1.3602","1.3568","1.3620","1.3534","","0.25%"
"02/16/2011","1.3568","1.3488","1.3591","1.3461","","0.58%"
"02/15/2011","1.3490","1.3488","1.3553","1.3459","","0.03%"
"02/14/2011","1.3486","1.3510","1.3562","1.3429","","-0.46%"
"02/11/2011","1.3549","1.3599","1.3624","1.3498","","-0.34%"
"02/10/2011","1.3595","1.3729","1.3737","1.3577","","-0.99%"
"02/09/2011","1.3731","1.3625","1.3745","1.3607","","0.71%"
"02/08/2011","1.3634","1.3582","1.3690","1.3571","","0.34%"
"02/07/2011","1.3588","1.3563","1.3628","1.3508","","0.01%"
"02/04/2011","1.3586","1.3639","1.3679","1.3542","","-0.34%"
"02/03/2011","1.3632","1.3813","1.3828","1.3611","","-1.25%"
"02/02/2011","1.3805","1.3830","1.3863","1.3767","","-0.21%"
"02/01/2011","1.3834","1.3685","1.3845","1.3685","","1.08%"
"01/31/2011","1.3686","1.3599","1.3740","1.3568","","0.54%"
"01/28/2011","1.3613","1.3733","1.3746","1.3580","","-0.83%"
"01/27/2011","1.3727","1.3710","1.3760","1.3636","","0.21%"
"01/26/2011","1.3698","1.3686","1.3722","1.3642","","0.06%"
"01/25/2011","1.3690","1.3638","1.3704","1.3571","","0.34%"
"01/24/2011","1.3643","1.3638","1.3687","1.3537","","0.18%"
"01/21/2011","1.3618","1.3475","1.3629","1.3448","","1.04%"
"01/20/2011","1.3478","1.3476","1.3524","1.3395","","0.07%"
"01/19/2011","1.3469","1.3389","1.3541","1.3369","","0.66%"
"01/18/2011","1.3381","1.3292","1.3467","1.3252","","0.65%"
"01/17/2011","1.3294","1.3383","1.3389","1.3245","","-0.62%"
"01/14/2011","1.3377","1.3363","1.3458","1.3313","","0.17%"
"01/13/2011","1.3354","1.3129","1.3384","1.3087","","1.65%"
"01/12/2011","1.3137","1.2972","1.3146","1.2961","","1.23%"
"01/11/2011","1.2978","1.2950","1.2995","1.2905","","0.26%"
"01/10/2011","1.2944","1.2883","1.2967","1.2874","","0.19%"
"01/07/2011","1.2919","1.3005","1.3023","1.2906","","-0.63%"
"01/06/2011","1.3001","1.3146","1.3171","1.2995","","-1.15%"
"01/05/2011","1.3152","1.3304","1.3325","1.3123","","-1.14%"
"01/04/2011","1.3304","1.3358","1.3436","1.3291","","-0.37%"
"01/03/2011","1.3354","1.3348","1.3397","1.3251","","-0.19%"
"12/31/2010","1.3379","1.3290","1.3427","1.3283","","0.72%"
"12/30/2010","1.3283","1.3225","1.3316","1.3212","","0.45%"
"12/29/2010","1.3224","1.3116","1.3239","1.3082","","0.79%"
"12/28/2010","1.3120","1.3166","1.3277","1.3094","","-0.31%"
"12/27/2010","1.3161","1.3115","1.3171","1.3072","","0.33%"
"12/24/2010","1.3118","1.3117","1.3151","1.3095","","-0.02%"
"12/23/2010","1.3120","1.3096","1.3154","1.3054","","0.15%"
"12/22/2010","1.3100","1.3095","1.3182","1.3076","","0.03%"
"12/21/2010","1.3096","1.3127","1.3203","1.3072","","-0.19%"
"12/20/2010","1.3121","1.3182","1.3190","1.3095","","-0.46%"
"12/17/2010","1.3182","1.3239","1.3361","1.3133","","-0.43%"
"12/16/2010","1.3239","1.3213","1.3268","1.3180","","0.20%"
"12/15/2010","1.3213","1.3383","1.3384","1.3209","","-1.28%"
"12/14/2010","1.3384","1.3388","1.3498","1.3361","","-0.05%"
"12/13/2010","1.3391","1.3207","1.3435","1.3182","","1.19%"
"12/10/2010","1.3234","1.3237","1.3283","1.3178","","-0.08%"
"12/09/2010","1.3245","1.3264","1.3325","1.3165","","-0.11%"
"12/08/2010","1.3259","1.3263","1.3283","1.3180","","-0.04%"
"12/07/2010","1.3264","1.3304","1.3401","1.3260","","-0.32%"
"12/06/2010","1.3306","1.3382","1.3422","1.3243","","-0.81%"
"12/03/2010","1.3415","1.3222","1.3418","1.3192","","1.42%"
"12/02/2010","1.3227","1.3137","1.3250","1.3059","","0.64%"
"12/01/2010","1.3143","1.2985","1.3181","1.2970","","1.26%"
"11/30/2010","1.2980","1.3124","1.3152","1.2967","","-1.07%"
"11/29/2010","1.3121","1.3287","1.3304","1.3064","","-0.92%"
"11/26/2010","1.3243","1.3355","1.3368","1.3199","","-0.90%"
"11/25/2010","1.3363","1.3333","1.3388","1.3287","","0.23%"
"11/24/2010","1.3332","1.3367","1.3424","1.3284","","-0.31%"
"11/23/2010","1.3373","1.3619","1.3634","1.3361","","-1.86%"
"11/22/2010","1.3626","1.3714","1.3786","1.3575","","-0.45%"
"11/19/2010","1.3687","1.3647","1.3733","1.3609","","0.31%"
"11/18/2010","1.3645","1.3527","1.3668","1.3525","","0.93%"
"11/17/2010","1.3519","1.3487","1.3566","1.3458","","0.19%"
"11/16/2010","1.3493","1.3587","1.3655","1.3447","","-0.68%"
"11/15/2010","1.3586","1.3712","1.3752","1.3565","","-0.78%"
"11/12/2010","1.3693","1.3666","1.3779","1.3573","","0.26%"
"11/11/2010","1.3658","1.3784","1.3823","1.3637","","-0.91%"
"11/10/2010","1.3784","1.3777","1.3828","1.3672","","0.04%"
"11/09/2010","1.3779","1.3920","1.3975","1.3750","","-1.02%"
"11/08/2010","1.3921","1.4051","1.4085","1.3886","","-0.81%"
"11/05/2010","1.4034","1.4216","1.4250","1.4025","","-1.17%"
"11/04/2010","1.4200","1.4139","1.4284","1.4103","","0.39%"
"11/03/2010","1.4145","1.4038","1.4177","1.3991","","0.75%"
"11/02/2010","1.4040","1.3897","1.4061","1.3881","","1.07%"
"11/01/2010","1.3891","1.3963","1.4013","1.3862","","-0.42%"
"10/29/2010","1.3950","1.3927","1.3954","1.3806","","0.13%"
"10/28/2010","1.3932","1.3761","1.3946","1.3757","","1.18%"
"10/27/2010","1.3769","1.3859","1.3878","1.3733","","-0.66%"
"10/26/2010","1.3861","1.3966","1.3984","1.3825","","-0.75%"
"10/25/2010","1.3966","1.3958","1.4083","1.3935","","0.10%"
"10/22/2010","1.3952","1.3924","1.3976","1.3858","","0.23%"
"10/21/2010","1.3920","1.3960","1.4051","1.3870","","-0.34%"
"10/20/2010","1.3967","1.3731","1.3994","1.3699","","1.69%"
"10/19/2010","1.3735","1.3951","1.4006","1.3714","","-1.53%"
"10/18/2010","1.3948","1.3977","1.4000","1.3832","","-0.22%"
"10/15/2010","1.3979","1.4078","1.4160","1.3938","","-0.72%"
"10/14/2010","1.4081","1.3958","1.4124","1.3955","","0.85%"
"10/13/2010","1.3963","1.3915","1.4002","1.3910","","0.27%"
"10/12/2010","1.3925","1.3874","1.3933","1.3773","","0.37%"
"10/11/2010","1.3874","1.3994","1.4013","1.3866","","-0.49%"
"10/08/2010","1.3943","1.3921","1.3986","1.3836","","0.11%"
"10/07/2010","1.3927","1.3929","1.4028","1.3855","","-0.07%"
"10/06/2010","1.3937","1.3836","1.3948","1.3798","","0.74%"
"10/05/2010","1.3834","1.3679","1.3861","1.3636","","1.11%"
"10/04/2010","1.3682","1.3792","1.3793","1.3666","","-0.80%"
"10/01/2010","1.3792","1.3632","1.3796","1.3620","","1.17%"
"09/30/2010","1.3633","1.3626","1.3686","1.3561","","0.03%"
"09/29/2010","1.3629","1.3579","1.3648","1.3565","","0.35%"
"09/28/2010","1.3582","1.3445","1.3598","1.3382","","0.93%"
"09/27/2010","1.3457","1.3482","1.3509","1.3426","","-0.25%"
"09/24/2010","1.3491","1.3315","1.3498","1.3287","","1.34%"
"09/23/2010","1.3312","1.3394","1.3415","1.3304","","-0.66%"
"09/22/2010","1.3400","1.3253","1.3441","1.3246","","1.12%"
"09/21/2010","1.3252","1.3062","1.3282","1.3056","","1.42%"
"09/20/2010","1.3066","1.3053","1.3121","1.3026","","0.14%"
"09/17/2010","1.3048","1.3081","1.3162","1.3019","","-0.21%"
"09/16/2010","1.3076","1.3012","1.3119","1.2976","","0.55%"
"09/15/2010","1.3005","1.2993","1.3037","1.2954","","0.07%"
"09/14/2010","1.2996","1.2878","1.3034","1.2827","","0.90%"
"09/13/2010","1.2880","1.2708","1.2894","1.2703","","1.58%"
"09/10/2010","1.2680","1.2699","1.2750","1.2645","","-0.11%"
"09/09/2010","1.2694","1.2721","1.2767","1.2662","","-0.23%"
"09/08/2010","1.2723","1.2686","1.2766","1.2661","","0.32%"
"09/07/2010","1.2683","1.2873","1.2877","1.2676","","-1.48%"
"09/06/2010","1.2873","1.2889","1.2920","1.2865","","-0.18%"
"09/03/2010","1.2896","1.2829","1.2900","1.2810","","0.55%"
"09/02/2010","1.2826","1.2799","1.2849","1.2776","","0.11%"
"09/01/2010","1.2812","1.2686","1.2856","1.2662","","0.99%"
"08/31/2010","1.2687","1.2664","1.2744","1.2624","","0.18%"
"08/30/2010","1.2664","1.2766","1.2770","1.2658","","-0.79%"
"08/27/2010","1.2765","1.2716","1.2781","1.2679","","0.35%"
"08/26/2010","1.2720","1.2660","1.2765","1.2649","","0.49%"
"08/25/2010","1.2658","1.2631","1.2726","1.2604","","0.26%"
"08/24/2010","1.2625","1.2650","1.2719","1.2585","","-0.26%"
"08/23/2010","1.2658","1.2704","1.2731","1.2645","","-0.39%"
"08/20/2010","1.2708","1.2821","1.2835","1.2664","","-0.88%"
"08/19/2010","1.2821","1.2855","1.2903","1.2771","","-0.28%"
"08/18/2010","1.2857","1.2881","1.2925","1.2823","","-0.19%"
"08/17/2010","1.2881","1.2824","1.2917","1.2804","","0.43%"
"08/16/2010","1.2826","1.2761","1.2874","1.2736","","0.58%"
"08/13/2010","1.2752","1.2830","1.2909","1.2750","","-0.56%"
"08/12/2010","1.2824","1.2846","1.2933","1.2780","","-0.07%"
"08/11/2010","1.2833","1.3176","1.3191","1.2829","","-2.62%"
"08/10/2010","1.3178","1.3222","1.3235","1.3072","","-0.43%"
"08/09/2010","1.3235","1.3292","1.3310","1.3216","","-0.38%"
"08/06/2010","1.3285","1.3185","1.3336","1.3158","","0.70%"
"08/05/2010","1.3192","1.3153","1.3235","1.3118","","0.24%"
"08/04/2010","1.3160","1.3229","1.3241","1.3132","","-0.51%"
"08/03/2010","1.3228","1.3181","1.3263","1.3145","","0.35%"
"08/02/2010","1.3182","1.3062","1.3197","1.3053","","1.03%"
"07/30/2010","1.3048","1.3081","1.3096","1.2981","","-0.24%"
"07/29/2010","1.3079","1.2990","1.3108","1.2980","","0.66%"
"07/28/2010","1.2993","1.3002","1.3042","1.2965","","-0.02%"
"07/27/2010","1.2995","1.2990","1.3047","1.2951","","0.00%"
"07/26/2010","1.2995","1.2900","1.3005","1.2875","","0.68%"
"07/23/2010","1.2907","1.2887","1.2970","1.2794","","0.12%"
"07/22/2010","1.2891","1.2753","1.2932","1.2738","","1.05%"
"07/21/2010","1.2757","1.2881","1.2914","1.2731","","-1.00%"
"07/20/2010","1.2886","1.2948","1.3030","1.2840","","-0.42%"
"07/19/2010","1.2940","1.2893","1.2992","1.2868","","0.05%"
"07/16/2010","1.2933","1.2930","1.3010","1.2891","","-0.05%"
"07/15/2010","1.2939","1.2741","1.2956","1.2708","","1.55%"
"07/14/2010","1.2741","1.2723","1.2779","1.2681","","0.10%"
"07/13/2010","1.2728","1.2590","1.2739","1.2522","","1.10%"
"07/12/2010","1.2590","1.2639","1.2647","1.2548","","-0.37%"
"07/09/2010","1.2637","1.2698","1.2725","1.2608","","-0.45%"
"07/08/2010","1.2694","1.2633","1.2712","1.2620","","0.47%"
"07/07/2010","1.2635","1.2628","1.2666","1.2553","","0.09%"
"07/06/2010","1.2624","1.2538","1.2664","1.2479","","0.67%"
"07/05/2010","1.2540","1.2557","1.2565","1.2508","","-0.18%"
"07/02/2010","1.2563","1.2517","1.2616","1.2483","","0.35%"
"07/01/2010","1.2519","1.2235","1.2540","1.2193","","2.31%"
"06/30/2010","1.2236","1.2185","1.2306","1.2166","","0.44%"
"06/29/2010","1.2182","1.2277","1.2293","1.2152","","-0.79%"
"06/28/2010","1.2279","1.2372","1.2399","1.2264","","-0.79%"
"06/25/2010","1.2377","1.2330","1.2398","1.2253","","0.35%"
"06/24/2010","1.2334","1.2317","1.2388","1.2260","","0.15%"
"06/23/2010","1.2315","1.2264","1.2346","1.2209","","0.38%"
"06/22/2010","1.2268","1.2322","1.2355","1.2250","","-0.32%"
"06/21/2010","1.2308","1.2439","1.2469","1.2303","","-0.64%"
"06/18/2010","1.2387","1.2384","1.2419","1.2354","","0.06%"
"06/17/2010","1.2380","1.2299","1.2414","1.2243","","0.58%"
"06/16/2010","1.2308","1.2322","1.2357","1.2256","","-0.13%"
"06/15/2010","1.2324","1.2213","1.2350","1.2164","","0.87%"
"06/14/2010","1.2218","1.2125","1.2300","1.2115","","0.87%"
"06/11/2010","1.2113","1.2109","1.2155","1.2046","","0.03%"
"06/10/2010","1.2109","1.1981","1.2143","1.1955","","1.03%"
"06/09/2010","1.1986","1.1970","1.2076","1.1923","","0.09%"
"06/08/2010","1.1975","1.1919","1.2011","1.1901","","0.50%"
"06/07/2010","1.1915","1.1946","1.1992","1.1876","","-0.51%"
"06/04/2010","1.1976","1.2165","1.2218","1.1956","","-1.49%"
"06/03/2010","1.2157","1.2247","1.2327","1.2151","","-0.77%"
"06/02/2010","1.2251","1.2207","1.2277","1.2174","","0.20%"
"06/01/2010","1.2227","1.2305","1.2355","1.2111","","-0.64%"
"05/31/2010","1.2306","1.2273","1.2334","1.2264","","0.29%"
"05/28/2010","1.2270","1.2363","1.2455","1.2266","","-0.80%"
"05/27/2010","1.2369","1.2157","1.2395","1.2153","","1.65%"
"05/26/2010","1.2168","1.2373","1.2376","1.2164","","-1.59%"
"05/25/2010","1.2365","1.2344","1.2372","1.2172","","0.10%"
"05/24/2010","1.2353","1.2546","1.2561","1.2344","","-1.75%"
"05/21/2010","1.2573","1.2468","1.2675","1.2461","","0.84%"
"05/20/2010","1.2468","1.2429","1.2601","1.2298","","0.31%"
"05/19/2010","1.2429","1.2183","1.2434","1.2144","","2.02%"
"05/18/2010","1.2183","1.2395","1.2447","1.2163","","-1.71%"
"05/17/2010","1.2395","1.2351","1.2416","1.2235","","0.26%"
"05/14/2010","1.2363","1.2524","1.2578","1.2355","","-1.33%"
"05/13/2010","1.2530","1.2631","1.2686","1.2518","","-0.73%"
"05/12/2010","1.2622","1.2639","1.2740","1.2603","","-0.26%"
"05/11/2010","1.2655","1.2791","1.2804","1.2652","","-0.99%"
"05/10/2010","1.2782","1.2933","1.3094","1.2758","","0.16%"
"05/07/2010","1.2762","1.2633","1.2800","1.2588","","0.84%"
"05/06/2010","1.2656","1.2824","1.2856","1.2521","","-1.23%"
"05/05/2010","1.2814","1.2968","1.2998","1.2789","","-1.29%"
"05/04/2010","1.2982","1.3192","1.3215","1.2976","","-1.61%"
"05/03/2010","1.3194","1.3342","1.3342","1.3154","","-0.78%"
"04/30/2010","1.3298","1.3245","1.3345","1.3226","","0.55%"
"04/29/2010","1.3225","1.3204","1.3281","1.3183","","0.08%"
"04/28/2010","1.3214","1.3156","1.3271","1.3115","","0.37%"
"04/27/2010","1.3165","1.3396","1.3415","1.3159","","-1.73%"
"04/26/2010","1.3397","1.3346","1.3398","1.3289","","0.08%"
"04/23/2010","1.3386","1.3286","1.3403","1.3202","","0.70%"
"04/22/2010","1.3293","1.3385","1.3422","1.3258","","-0.70%"
"04/21/2010","1.3387","1.3437","1.3448","1.3357","","-0.38%"
"04/20/2010","1.3438","1.3490","1.3524","1.3427","","-0.35%"
"04/19/2010","1.3485","1.3478","1.3498","1.3413","","-0.10%"
"04/16/2010","1.3499","1.3580","1.3584","1.3473","","-0.60%"
"04/15/2010","1.3580","1.3653","1.3668","1.3518","","-0.53%"
"04/14/2010","1.3653","1.3617","1.3679","1.3596","","0.34%"
"04/13/2010","1.3607","1.3584","1.3627","1.3545","","0.15%"
"04/12/2010","1.3586","1.3622","1.3693","1.3563","","0.64%"
"04/09/2010","1.3499","1.3360","1.3503","1.3341","","1.04%"
"04/08/2010","1.3360","1.3337","1.3368","1.3280","","0.15%"
"04/07/2010","1.3340","1.3396","1.3409","1.3323","","-0.44%"
"04/06/2010","1.3399","1.3483","1.3497","1.3354","","-0.65%"
"04/05/2010","1.3486","1.3491","1.3541","1.3461","","-0.13%"
"04/02/2010","1.3504","1.3584","1.3593","1.3474","","-0.57%"
"04/01/2010","1.3582","1.3510","1.3592","1.3457","","0.52%"
"03/31/2010","1.3512","1.3415","1.3550","1.3384","","0.74%"
"03/30/2010","1.3413","1.3479","1.3540","1.3394","","-0.48%"
"03/29/2010","1.3478","1.3488","1.3508","1.3418","","0.48%"
"03/26/2010","1.3413","1.3280","1.3428","1.3268","","1.01%"
"03/25/2010","1.3279","1.3316","1.3386","1.3266","","-0.26%"
"03/24/2010","1.3314","1.3495","1.3502","1.3304","","-1.38%"
"03/23/2010","1.3500","1.3563","1.3571","1.3474","","-0.41%"
"03/22/2010","1.3556","1.3525","1.3569","1.3462","","0.16%"
"03/19/2010","1.3534","1.3607","1.3629","1.3502","","-0.54%"
"03/18/2010","1.3607","1.3732","1.3743","1.3583","","-0.95%"
"03/17/2010","1.3738","1.3770","1.3818","1.3725","","-0.25%"
"03/16/2010","1.3772","1.3677","1.3786","1.3657","","0.70%"
"03/15/2010","1.3676","1.3777","1.3779","1.3639","","-0.63%"
"03/12/2010","1.3763","1.3678","1.3798","1.3668","","0.61%"
"03/11/2010","1.3679","1.3656","1.3689","1.3618","","0.14%"
"03/10/2010","1.3660","1.3600","1.3680","1.3543","","0.43%"
"03/09/2010","1.3601","1.3630","1.3636","1.3535","","-0.21%"
"03/08/2010","1.3630","1.3632","1.3706","1.3607","","0.06%"
"03/05/2010","1.3622","1.3581","1.3630","1.3527","","0.31%"
"03/04/2010","1.3580","1.3695","1.3714","1.3550","","-0.88%"
"03/03/2010","1.3700","1.3616","1.3738","1.3592","","0.70%"
"03/02/2010","1.3605","1.3557","1.3623","1.3433","","0.32%"
"03/01/2010","1.3561","1.3624","1.3657","1.3458","","-0.48%"
"02/26/2010","1.3626","1.3548","1.3685","1.3531","","0.52%"
"02/25/2010","1.3556","1.3536","1.3572","1.3451","","0.18%"
"02/24/2010","1.3531","1.3510","1.3627","1.3501","","0.19%"
"02/23/2010","1.3506","1.3592","1.3693","1.3495","","-0.68%"
"02/22/2010","1.3598","1.3636","1.3653","1.3571","","-0.12%"
"02/19/2010","1.3615","1.3529","1.3619","1.3443","","-0.01%"
"02/18/2010","1.3617","1.3606","1.3656","1.3539","","0.08%"
"02/17/2010","1.3606","1.3765","1.3790","1.3585","","-1.18%"
"02/16/2010","1.3769","1.3596","1.3779","1.3588","","1.25%"
"02/15/2010","1.3599","1.3614","1.3636","1.3579","","-0.14%"
"02/12/2010","1.3618","1.3694","1.3699","1.3532","","-0.47%"
"02/11/2010","1.3682","1.3732","1.3802","1.3594","","-0.33%"
"02/10/2010","1.3727","1.3792","1.3816","1.3676","","-0.46%"
"02/09/2010","1.3790","1.3651","1.3840","1.3642","","1.00%"
"02/08/2010","1.3653","1.3664","1.3714","1.3620","","-0.08%"
"02/05/2010","1.3664","1.3729","1.3748","1.3586","","-0.52%"
"02/04/2010","1.3736","1.3890","1.3905","1.3727","","-1.17%"
"02/03/2010","1.3899","1.3963","1.4026","1.3889","","-0.46%"
"02/02/2010","1.3963","1.3931","1.3977","1.3887","","0.24%"
"02/01/2010","1.3929","1.3864","1.3939","1.3851","","0.47%"
"01/29/2010","1.3864","1.3973","1.3990","1.3861","","-0.71%"
"01/28/2010","1.3963","1.4021","1.4053","1.3936","","-0.40%"
"01/27/2010","1.4019","1.4075","1.4098","1.3994","","-0.40%"
"01/26/2010","1.4076","1.4150","1.4181","1.4042","","-0.54%"
"01/25/2010","1.4152","1.4161","1.4199","1.4128","","0.10%"
"01/22/2010","1.4138","1.4080","1.4182","1.4065","","0.33%"
"01/21/2010","1.4091","1.4106","1.4144","1.4026","","-0.07%"
"01/20/2010","1.4101","1.4291","1.4297","1.4078","","-1.40%"
"01/19/2010","1.4301","1.4385","1.4415","1.4251","","-0.59%"
"01/18/2010","1.4386","1.4340","1.4403","1.4334","","0.01%"
"01/15/2010","1.4385","1.4504","1.4514","1.4338","","-0.81%"
"01/14/2010","1.4503","1.4510","1.4556","1.4446","","-0.06%"
"01/13/2010","1.4512","1.4484","1.4584","1.4456","","0.12%"
"01/12/2010","1.4495","1.4514","1.4548","1.4453","","-0.13%"
"01/11/2010","1.4514","1.4432","1.4558","1.4407","","0.70%"
"01/08/2010","1.4413","1.4320","1.4440","1.4263","","0.66%"
"01/07/2010","1.4318","1.4407","1.4447","1.4295","","-0.66%"
"01/06/2010","1.4413","1.4364","1.4436","1.4282","","0.31%"
"01/05/2010","1.4369","1.4409","1.4484","1.4346","","-0.31%"
"01/04/2010","1.4413","1.4325","1.4457","1.4257","","0.61%"
"01/01/2010","1.4326","1.4328","1.4330","1.4322","","0.06%"
"12/31/2009","1.4318","1.4339","1.4442","1.4306","","-0.12%"
"12/30/2009","1.4335","1.4352","1.4364","1.4274","","-0.13%"
"12/29/2009","1.4354","1.4377","1.4460","1.4332","","-0.20%"
"12/28/2009","1.4383","1.4376","1.4415","1.4354","","-0.10%"
"12/25/2009","1.4397","1.4376","1.4436","1.4363","","0.15%"
"12/24/2009","1.4375","1.4335","1.4419","1.4322","","0.34%"
"12/23/2009","1.4327","1.4251","1.4367","1.4234","","0.54%"
"12/22/2009","1.4250","1.4283","1.4333","1.4217","","-0.24%"
"12/21/2009","1.4284","1.4305","1.4374","1.4267","","-0.41%"
"12/18/2009","1.4343","1.4339","1.4413","1.4259","","-0.01%"
"12/17/2009","1.4345","1.4535","1.4537","1.4303","","-1.32%"
"12/16/2009","1.4537","1.4535","1.4590","1.4503","","0.01%"
"12/15/2009","1.4536","1.4658","1.4666","1.4504","","-0.82%"
"12/14/2009","1.4656","1.4625","1.4686","1.4597","","0.23%"
"12/11/2009","1.4623","1.4733","1.4777","1.4585","","-0.76%"
"12/10/2009","1.4735","1.4726","1.4762","1.4685","","0.05%"
"12/09/2009","1.4727","1.4706","1.4785","1.4670","","0.19%"
"12/08/2009","1.4699","1.4821","1.4867","1.4680","","-0.81%"
"12/07/2009","1.4819","1.4853","1.4905","1.4756","","-0.22%"
"12/04/2009","1.4851","1.5050","1.5091","1.4819","","-1.45%"
"12/03/2009","1.5070","1.5044","1.5143","1.5042","","0.16%"
"12/02/2009","1.5046","1.5084","1.5111","1.5031","","-0.28%"
"12/01/2009","1.5088","1.5006","1.5118","1.4970","","0.53%"
"11/30/2009","1.5009","1.5011","1.5085","1.4964","","0.28%"
"11/27/2009","1.4967","1.5021","1.5024","1.4828","","-0.31%"
"11/26/2009","1.5013","1.5132","1.5143","1.4958","","-0.84%"
"11/25/2009","1.5140","1.4960","1.5145","1.4954","","1.20%"
"11/24/2009","1.4961","1.4965","1.4990","1.4888","","-0.03%"
"11/23/2009","1.4966","1.4859","1.5002","1.4832","","0.71%"
"11/20/2009","1.4861","1.4924","1.4937","1.4798","","-0.38%"
"11/19/2009","1.4918","1.4962","1.4966","1.4840","","-0.31%"
"11/18/2009","1.4965","1.4875","1.4991","1.4857","","0.66%"
"11/17/2009","1.4867","1.4971","1.5000","1.4806","","-0.71%"
"11/16/2009","1.4973","1.4924","1.5017","1.4880","","0.38%"
"11/13/2009","1.4917","1.4848","1.4939","1.4826","","0.50%"
"11/12/2009","1.4843","1.4980","1.5017","1.4820","","-0.93%"
"11/11/2009","1.4983","1.4985","1.5050","1.4953","","0.00%"
"11/10/2009","1.4983","1.4996","1.5021","1.4937","","-0.07%"
"11/09/2009","1.4994","1.4884","1.5021","1.4851","","0.98%"
"11/06/2009","1.4849","1.4869","1.4915","1.4813","","-0.22%"
"11/05/2009","1.4881","1.4871","1.4918","1.4808","","0.02%"
"11/04/2009","1.4878","1.4731","1.4909","1.4701","","1.11%"
"11/03/2009","1.4715","1.4772","1.4811","1.4624","","-0.37%"
"11/02/2009","1.4769","1.4713","1.4846","1.4684","","0.35%"
"10/30/2009","1.4718","1.4835","1.4861","1.4704","","-0.78%"
"10/29/2009","1.4834","1.4714","1.4859","1.4682","","0.83%"
"10/28/2009","1.4712","1.4813","1.4843","1.4692","","-0.66%"
"10/27/2009","1.4809","1.4862","1.4928","1.4770","","-0.41%"
"10/26/2009","1.4870","1.5000","1.5063","1.4844","","-0.89%"
"10/23/2009","1.5003","1.5024","1.5063","1.4987","","-0.13%"
"10/22/2009","1.5023","1.5000","1.5040","1.4943","","0.09%"
"10/21/2009","1.5010","1.4934","1.5048","1.4888","","0.48%"
"10/20/2009","1.4939","1.4973","1.4994","1.4882","","-0.17%"
"10/19/2009","1.4964","1.4893","1.4979","1.4829","","0.39%"
"10/16/2009","1.4906","1.4945","1.4970","1.4848","","-0.26%"
"10/15/2009","1.4945","1.4935","1.4968","1.4842","","0.13%"
"10/14/2009","1.4926","1.4854","1.4948","1.4839","","0.45%"
"10/13/2009","1.4859","1.4781","1.4878","1.4760","","0.58%"
"10/12/2009","1.4773","1.4724","1.4815","1.4678","","0.29%"
"10/09/2009","1.4730","1.4794","1.4798","1.4675","","-0.41%"
"10/08/2009","1.4790","1.4688","1.4817","1.4680","","0.69%"
"10/07/2009","1.4688","1.4718","1.4739","1.4652","","-0.20%"
"10/06/2009","1.4718","1.4648","1.4766","1.4646","","0.46%"
"10/05/2009","1.4650","1.4592","1.4671","1.4581","","0.54%"
"10/02/2009","1.4572","1.4534","1.4650","1.4482","","0.27%"
"10/01/2009","1.4533","1.4638","1.4670","1.4518","","-0.70%"
"09/30/2009","1.4636","1.4583","1.4674","1.4575","","0.35%"
"09/29/2009","1.4585","1.4619","1.4646","1.4526","","-0.25%"
"09/28/2009","1.4621","1.4699","1.4722","1.4560","","-0.46%"
"09/25/2009","1.4688","1.4664","1.4726","1.4614","","0.18%"
"09/24/2009","1.4661","1.4710","1.4806","1.4628","","-0.48%"
"09/23/2009","1.4731","1.4790","1.4844","1.4725","","-0.40%"
"09/22/2009","1.4790","1.4679","1.4825","1.4677","","0.78%"
"09/21/2009","1.4675","1.4689","1.4714","1.4607","","-0.24%"
"09/18/2009","1.4710","1.4744","1.4747","1.4648","","-0.20%"
"09/17/2009","1.4739","1.4707","1.4768","1.4686","","0.18%"
"09/16/2009","1.4712","1.4658","1.4738","1.4642","","0.35%"
"09/15/2009","1.4661","1.4629","1.4688","1.4561","","0.25%"
"09/14/2009","1.4624","1.4596","1.4653","1.4515","","0.37%"
"09/11/2009","1.4570","1.4577","1.4637","1.4555","","-0.06%"
"09/10/2009","1.4579","1.4571","1.4615","1.4501","","0.12%"
"09/09/2009","1.4561","1.4488","1.4602","1.4465","","0.52%"
"09/08/2009","1.4485","1.4335","1.4538","1.4329","","1.05%"
"09/07/2009","1.4335","1.4310","1.4362","1.4301","","0.29%"
"09/04/2009","1.4293","1.4260","1.4330","1.4191","","0.27%"
"09/03/2009","1.4254","1.4265","1.4350","1.4236","","-0.07%"
"09/02/2009","1.4264","1.4217","1.4296","1.4191","","0.30%"
"09/01/2009","1.4221","1.4332","1.4379","1.4177","","-0.77%"
"08/31/2009","1.4331","1.4306","1.4369","1.4255","","0.22%"
"08/28/2009","1.4299","1.4346","1.4391","1.4282","","-0.36%"
"08/27/2009","1.4351","1.4244","1.4405","1.4218","","0.71%"
"08/26/2009","1.4250","1.4303","1.4351","1.4206","","-0.34%"
"08/25/2009","1.4298","1.4299","1.4364","1.4254","","-0.03%"
"08/24/2009","1.4303","1.4344","1.4362","1.4281","","-0.14%"
"08/21/2009","1.4323","1.4249","1.4378","1.4210","","0.51%"
"08/20/2009","1.4250","1.4234","1.4278","1.4201","","0.10%"
"08/19/2009","1.4236","1.4133","1.4269","1.4083","","0.73%"
"08/18/2009","1.4133","1.4074","1.4156","1.4067","","0.39%"
"08/17/2009","1.4078","1.4186","1.4194","1.4045","","-0.89%"
"08/14/2009","1.4205","1.4283","1.4309","1.4161","","-0.59%"
"08/13/2009","1.4289","1.4204","1.4330","1.4202","","0.61%"
"08/12/2009","1.4203","1.4148","1.4248","1.4084","","0.40%"
"08/11/2009","1.4146","1.4146","1.4186","1.4110","","0.00%"
"08/10/2009","1.4146","1.4175","1.4219","1.4103","","-0.30%"
"08/07/2009","1.4188","1.4356","1.4417","1.4155","","-1.12%"
"08/06/2009","1.4348","1.4416","1.4433","1.4329","","-0.44%"
"08/05/2009","1.4412","1.4394","1.4449","1.4357","","0.08%"
"08/04/2009","1.4400","1.4417","1.4434","1.4367","","-0.12%"
"08/03/2009","1.4418","1.4268","1.4447","1.4206","","1.18%"
"07/31/2009","1.4250","1.4067","1.4282","1.4065","","1.25%"
"07/30/2009","1.4074","1.4036","1.4097","1.4007","","0.26%"
"07/29/2009","1.4037","1.4174","1.4197","1.4007","","-0.99%"
"07/28/2009","1.4177","1.4242","1.4303","1.4127","","-0.48%"
"07/27/2009","1.4245","1.4226","1.4301","1.4171","","0.28%"
"07/24/2009","1.4205","1.4160","1.4256","1.4136","","0.32%"
"07/23/2009","1.4160","1.4206","1.4292","1.4119","","-0.36%"
"07/22/2009","1.4211","1.4220","1.4260","1.4155","","-0.01%"
"07/21/2009","1.4213","1.4223","1.4278","1.4162","","-0.11%"
"07/20/2009","1.4228","1.4116","1.4251","1.4109","","0.91%"
"07/17/2009","1.4099","1.4145","1.4150","1.4063","","-0.35%"
"07/16/2009","1.4148","1.4102","1.4167","1.4055","","0.30%"
"07/15/2009","1.4106","1.3969","1.4135","1.3962","","0.97%"
"07/14/2009","1.3970","1.3981","1.4017","1.3911","","-0.06%"
"07/13/2009","1.3979","1.3946","1.4002","1.3897","","0.33%"
"07/10/2009","1.3933","1.4024","1.4033","1.3879","","-0.66%"
"07/09/2009","1.4026","1.3874","1.4074","1.3857","","1.07%"
"07/08/2009","1.3877","1.3918","1.3939","1.3831","","-0.32%"
"07/07/2009","1.3922","1.3978","1.4053","1.3902","","-0.38%"
"07/06/2009","1.3975","1.3956","1.4000","1.3876","","0.08%"
"07/03/2009","1.3964","1.3938","1.4030","1.3937","","0.16%"
"07/02/2009","1.3941","1.4150","1.4156","1.3929","","-1.49%"
"07/01/2009","1.4152","1.4034","1.4203","1.4001","","0.83%"
"06/30/2009","1.4036","1.4080","1.4154","1.4002","","-0.28%"
"06/29/2009","1.4076","1.4063","1.4104","1.3982","","0.16%"
"06/26/2009","1.4053","1.3994","1.4120","1.3983","","0.46%"
"06/25/2009","1.3988","1.3936","1.4016","1.3890","","0.45%"
"06/24/2009","1.3926","1.4077","1.4140","1.3888","","-1.09%"
"06/23/2009","1.4079","1.3860","1.4108","1.3828","","1.57%"
"06/22/2009","1.3862","1.3952","1.3954","1.3826","","-0.58%"
"06/19/2009","1.3943","1.3905","1.4014","1.3884","","0.27%"
"06/18/2009","1.3906","1.3944","1.4004","1.3872","","-0.26%"
"06/17/2009","1.3942","1.3836","1.3986","1.3807","","0.77%"
"06/16/2009","1.3836","1.3788","1.3933","1.3748","","0.32%"
"06/15/2009","1.3792","1.3989","1.4004","1.3756","","-1.65%"
"06/12/2009","1.4024","1.4101","1.4131","1.3937","","-0.58%"
"06/11/2009","1.4106","1.3963","1.4179","1.3941","","1.00%"
"06/10/2009","1.3967","1.4068","1.4146","1.3914","","-0.70%"
"06/09/2009","1.4066","1.3895","1.4101","1.3851","","1.21%"
"06/08/2009","1.3898","1.3945","1.4004","1.3806","","-0.55%"
"06/05/2009","1.3975","1.4178","1.4269","1.3933","","-1.50%"
"06/04/2009","1.4188","1.4146","1.4242","1.4068","","0.25%"
"06/03/2009","1.4152","1.4310","1.4339","1.4108","","-1.07%"
"06/02/2009","1.4305","1.4149","1.4334","1.4102","","0.99%"
"06/01/2009","1.4165","1.4123","1.4247","1.4099","","0.08%"
"05/29/2009","1.4154","1.3937","1.4171","1.3926","","1.56%"
"05/28/2009","1.3937","1.3832","1.3982","1.3790","","0.73%"
"05/27/2009","1.3836","1.3988","1.4002","1.3823","","-1.11%"
"05/26/2009","1.3991","1.4011","1.4024","1.3858","","-0.13%"
"05/25/2009","1.4009","1.4036","1.4038","1.3960","","0.11%"
"05/22/2009","1.3994","1.3895","1.4053","1.3894","","0.73%"
"05/21/2009","1.3893","1.3761","1.3925","1.3727","","0.89%"
"05/20/2009","1.3771","1.3626","1.3830","1.3582","","1.07%"
"05/19/2009","1.3625","1.3555","1.3670","1.3531","","0.50%"
"05/18/2009","1.3557","1.3486","1.3565","1.3422","","0.45%"
"05/15/2009","1.3496","1.3637","1.3653","1.3464","","-1.01%"
"05/14/2009","1.3634","1.3596","1.3664","1.3523","","0.26%"
"05/13/2009","1.3599","1.3643","1.3722","1.3565","","-0.33%"
"05/12/2009","1.3644","1.3571","1.3707","1.3563","","0.51%"
"05/11/2009","1.3575","1.3647","1.3668","1.3554","","-0.53%"
"05/08/2009","1.3647","1.3390","1.3651","1.3340","","1.85%"
"05/07/2009","1.3399","1.3308","1.3471","1.3250","","0.60%"
"05/06/2009","1.3319","1.3306","1.3375","1.3247","","-0.03%"
"05/05/2009","1.3323","1.3409","1.3438","1.3281","","-0.61%"
"05/04/2009","1.3405","1.3288","1.3428","1.3212","","1.05%"
"05/01/2009","1.3266","1.3228","1.3330","1.3219","","0.30%"
"04/30/2009","1.3226","1.3251","1.3384","1.3190","","-0.30%"
"04/29/2009","1.3266","1.3140","1.3342","1.3121","","0.91%"
"04/28/2009","1.3146","1.3020","1.3168","1.2964","","0.98%"
"04/27/2009","1.3019","1.3241","1.3246","1.2998","","-1.78%"
"04/24/2009","1.3255","1.3139","1.3304","1.3114","","0.82%"
"04/23/2009","1.3147","1.2994","1.3161","1.2979","","1.14%"
"04/22/2009","1.2999","1.2948","1.3038","1.2885","","0.49%"
"04/21/2009","1.2935","1.2922","1.2995","1.2898","","0.15%"
"04/20/2009","1.2916","1.3046","1.3049","1.2884","","-0.96%"
"04/17/2009","1.3041","1.3185","1.3200","1.3019","","-1.05%"
"04/16/2009","1.3179","1.3211","1.3268","1.3126","","-0.31%"
"04/15/2009","1.3220","1.3259","1.3297","1.3146","","-0.26%"
"04/14/2009","1.3255","1.3369","1.3383","1.3228","","-0.82%"
"04/13/2009","1.3365","1.3189","1.3393","1.3127","","1.34%"
"04/10/2009","1.3188","1.3167","1.3190","1.3091","","0.17%"
"04/09/2009","1.3165","1.3265","1.3336","1.3125","","-0.72%"
"04/08/2009","1.3260","1.3267","1.3311","1.3146","","-0.06%"
"04/07/2009","1.3268","1.3395","1.3408","1.3226","","-1.04%"
"04/06/2009","1.3407","1.3510","1.3582","1.3357","","-0.56%"
"04/03/2009","1.3483","1.3460","1.3498","1.3365","","0.15%"
"04/02/2009","1.3463","1.3227","1.3518","1.3222","","1.75%"
"04/01/2009","1.3232","1.3247","1.3287","1.3167","","-0.14%"
"03/31/2009","1.3251","1.3202","1.3343","1.3173","","0.33%"
"03/30/2009","1.3207","1.3225","1.3286","1.3112","","-0.71%"
"03/27/2009","1.3301","1.3527","1.3594","1.3258","","-1.72%"
"03/26/2009","1.3534","1.3588","1.3640","1.3494","","-0.38%"
"03/25/2009","1.3586","1.3474","1.3653","1.3419","","0.94%"
"03/24/2009","1.3460","1.3622","1.3678","1.3432","","-1.25%"
"03/23/2009","1.3630","1.3632","1.3737","1.3487","","0.35%"
"03/20/2009","1.3583","1.3662","1.3730","1.3517","","-0.61%"
"03/19/2009","1.3666","1.3519","1.3739","1.3418","","1.17%"
"03/18/2009","1.3508","1.3015","1.3520","1.2987","","3.80%"
"03/17/2009","1.3013","1.2982","1.3033","1.2929","","0.36%"
"03/16/2009","1.2966","1.2884","1.3071","1.2835","","0.32%"
"03/13/2009","1.2925","1.2916","1.2959","1.2864","","0.10%"
"03/12/2009","1.2912","1.2842","1.2948","1.2732","","0.65%"
"03/11/2009","1.2829","1.2683","1.2866","1.2617","","1.25%"
"03/10/2009","1.2671","1.2603","1.2822","1.2577","","0.48%"
"03/09/2009","1.2611","1.2668","1.2729","1.2553","","-0.24%"
"03/06/2009","1.2641","1.2546","1.2755","1.2530","","0.64%"
"03/05/2009","1.2561","1.2660","1.2664","1.2479","","-0.60%"
"03/04/2009","1.2637","1.2557","1.2658","1.2456","","0.56%"
"03/03/2009","1.2567","1.2578","1.2679","1.2521","","-0.14%"
"03/02/2009","1.2584","1.2626","1.2636","1.2545","","-0.67%"
"02/27/2009","1.2669","1.2744","1.2752","1.2603","","-0.49%"
"02/26/2009","1.2731","1.2718","1.2810","1.2682","","0.17%"
"02/25/2009","1.2710","1.2843","1.2904","1.2692","","-1.01%"
"02/24/2009","1.2840","1.2694","1.2877","1.2661","","1.04%"
"02/23/2009","1.2708","1.2797","1.2992","1.2691","","-1.05%"
"02/20/2009","1.2843","1.2671","1.2885","1.2558","","1.42%"
"02/19/2009","1.2663","1.2534","1.2760","1.2525","","0.99%"
"02/18/2009","1.2539","1.2583","1.2641","1.2513","","-0.41%"
"02/17/2009","1.2591","1.2792","1.2811","1.2563","","-1.46%"
"02/16/2009","1.2778","1.2788","1.2826","1.2727","","-0.65%"
"02/13/2009","1.2862","1.2870","1.2944","1.2818","","-0.02%"
"02/12/2009","1.2864","1.2902","1.2944","1.2723","","-0.25%"
"02/11/2009","1.2896","1.2916","1.3000","1.2832","","-0.02%"
"02/10/2009","1.2898","1.3012","1.3075","1.2809","","-0.86%"
"02/09/2009","1.3010","1.2961","1.3094","1.2872","","0.60%"
"02/06/2009","1.2933","1.2797","1.2994","1.2749","","1.15%"
"02/05/2009","1.2786","1.2854","1.2906","1.2759","","-0.34%"
"02/04/2009","1.2830","1.3028","1.3070","1.2812","","-1.59%"
"02/03/2009","1.3037","1.2849","1.3058","1.2801","","1.45%"
"02/02/2009","1.2851","1.2769","1.2900","1.2706","","0.54%"
"01/30/2009","1.2782","1.2954","1.2961","1.2778","","-1.37%"
"01/29/2009","1.2959","1.3154","1.3180","1.2933","","-1.36%"
"01/28/2009","1.3138","1.3164","1.3327","1.3103","","-0.30%"
"01/27/2009","1.3178","1.3181","1.3330","1.3118","","0.09%"
"01/26/2009","1.3166","1.2969","1.3207","1.2860","","1.34%"
"01/23/2009","1.2992","1.3004","1.3036","1.2766","","0.05%"
"01/22/2009","1.2986","1.3051","1.3085","1.2908","","-0.42%"
"01/21/2009","1.3041","1.2907","1.3070","1.2826","","1.18%"
"01/20/2009","1.2889","1.3090","1.3105","1.2856","","-1.70%"
"01/19/2009","1.3112","1.3327","1.3386","1.3100","","-1.44%"
"01/16/2009","1.3304","1.3127","1.3344","1.3110","","1.14%"
"01/15/2009","1.3154","1.3184","1.3242","1.3026","","-0.06%"
"01/14/2009","1.3162","1.3190","1.3336","1.3092","","-0.26%"
"01/13/2009","1.3196","1.3361","1.3375","1.3142","","-1.31%"
"01/12/2009","1.3371","1.3474","1.3476","1.3287","","-0.51%"
"01/09/2009","1.3440","1.3710","1.3752","1.3415","","-2.09%"
"01/08/2009","1.3727","1.3651","1.3800","1.3533","","0.68%"
"01/07/2009","1.3634","1.3529","1.3748","1.3430","","0.92%"
"01/06/2009","1.3510","1.3611","1.3659","1.3312","","-0.70%"
"01/05/2009","1.3605","1.3902","1.3965","1.3546","","-1.97%"
"01/02/2009","1.3879","1.3993","1.4058","1.3840","","-0.79%"
"01/01/2009","1.3990","1.3967","1.4002","1.3948","","0.07%"
"12/31/2008","1.3980","1.4067","1.4148","1.3850","","-0.65%"
"12/30/2008","1.4072","1.3946","1.4223","1.3918","","0.68%"
"12/29/2008","1.3977","1.4060","1.4362","1.3968","","-0.61%"
"12/26/2008","1.4063","1.4009","1.4121","1.3990","","0.34%"
"12/25/2008","1.4015","1.4013","1.4051","1.3977","","0.08%"
"12/24/2008","1.4004","1.3941","1.4022","1.3914","","0.29%"
"12/23/2008","1.3963","1.3948","1.4021","1.3918","","0.13%"
"12/22/2008","1.3945","1.3934","1.4126","1.3902","","0.19%"
"12/19/2008","1.3919","1.4244","1.4312","1.3825","","-2.05%"
"12/18/2008","1.4211","1.4406","1.4721","1.4187","","-1.33%"
"12/17/2008","1.4403","1.4052","1.4438","1.3995","","2.15%"
"12/16/2008","1.4100","1.3703","1.4146","1.3631","","2.83%"
"12/15/2008","1.3712","1.3368","1.3713","1.3365","","2.53%"
"12/12/2008","1.3373","1.3356","1.3417","1.3251","","0.10%"
"12/11/2008","1.3359","1.3013","1.3407","1.3001","","2.62%"
"12/10/2008","1.3018","1.2927","1.3072","1.2902","","0.81%"
"12/09/2008","1.2913","1.2953","1.3001","1.2796","","-0.19%"
"12/08/2008","1.2937","1.2726","1.2964","1.2717","","1.58%"
"12/05/2008","1.2736","1.2788","1.2801","1.2628","","-0.27%"
"12/04/2008","1.2771","1.2702","1.2849","1.2549","","0.44%"
"12/03/2008","1.2715","1.2712","1.2742","1.2602","","0.00%"
"12/02/2008","1.2715","1.2611","1.2770","1.2564","","0.70%"
"12/01/2008","1.2626","1.2710","1.2712","1.2581","","-0.57%"
"11/28/2008","1.2698","1.2904","1.2961","1.2647","","-1.51%"
"11/27/2008","1.2893","1.2881","1.2970","1.2859","","0.00%"
"11/26/2008","1.2893","1.3064","1.3073","1.2821","","-1.26%"
"11/25/2008","1.3058","1.2929","1.3081","1.2805","","1.12%"
"11/24/2008","1.2914","1.2592","1.2930","1.2568","","2.65%"
"11/21/2008","1.2581","1.2447","1.2643","1.2425","","0.99%"
"11/20/2008","1.2458","1.2502","1.2595","1.2456","","-0.52%"
"11/19/2008","1.2523","1.2616","1.2814","1.2517","","-0.78%"
"11/18/2008","1.2622","1.2649","1.2700","1.2567","","-0.20%"
"11/17/2008","1.2647","1.2534","1.2742","1.2513","","0.10%"
"11/14/2008","1.2634","1.2787","1.2830","1.2617","","-1.53%"
"11/13/2008","1.2830","1.2505","1.2855","1.2389","","2.87%"
"11/12/2008","1.2472","1.2530","1.2636","1.2470","","-0.38%"
"11/11/2008","1.2519","1.2755","1.2801","1.2506","","-1.68%"
"11/10/2008","1.2733","1.2821","1.2930","1.2719","","-0.05%"
"11/07/2008","1.2739","1.2718","1.2853","1.2654","","0.29%"
"11/06/2008","1.2702","1.2961","1.2967","1.2702","","-1.93%"
"11/05/2008","1.2952","1.2980","1.3118","1.2792","","-0.63%"
"11/04/2008","1.3034","1.2631","1.3038","1.2527","","3.09%"
"11/03/2008","1.2643","1.2750","1.2900","1.2596","","-0.71%"
"10/31/2008","1.2733","1.2855","1.2897","1.2668","","-1.36%"
"10/30/2008","1.2908","1.2965","1.3295","1.2803","","-0.42%"
"10/29/2008","1.2963","1.2768","1.2994","1.2627","","1.95%"
"10/28/2008","1.2715","1.2475","1.2744","1.2330","","1.99%"
"10/27/2008","1.2467","1.2549","1.2686","1.2333","","-1.24%"
"10/24/2008","1.2624","1.2973","1.2980","1.2498","","-2.74%"
"10/23/2008","1.2980","1.2828","1.3003","1.2727","","0.98%"
"10/22/2008","1.2854","1.3065","1.3078","1.2773","","-1.57%"
"10/21/2008","1.3059","1.3332","1.3355","1.3051","","-2.14%"
"10/20/2008","1.3344","1.3403","1.3532","1.3286","","-0.48%"
"10/17/2008","1.3409","1.3483","1.3518","1.3387","","-0.58%"
"10/16/2008","1.3487","1.3467","1.3539","1.3346","","0.20%"
"10/15/2008","1.3460","1.3620","1.3685","1.3453","","-1.20%"
"10/14/2008","1.3624","1.3594","1.3771","1.3586","","0.23%"
"10/13/2008","1.3593","1.3559","1.3683","1.3458","","1.33%"
"10/10/2008","1.3414","1.3589","1.3652","1.3259","","-1.35%"
"10/09/2008","1.3597","1.3631","1.3785","1.3580","","-0.24%"
"10/08/2008","1.3630","1.3630","1.3758","1.3544","","0.08%"
"10/07/2008","1.3619","1.3486","1.3741","1.3481","","0.96%"
"10/06/2008","1.3490","1.3665","1.3676","1.3443","","-2.04%"
"10/03/2008","1.3771","1.3818","1.3907","1.3704","","-0.34%"
"10/02/2008","1.3818","1.4026","1.4027","1.3745","","-1.45%"
"10/01/2008","1.4021","1.4124","1.4176","1.3976","","-0.59%"
"09/30/2008","1.4104","1.4418","1.4427","1.4010","","-2.18%"
"09/29/2008","1.4418","1.4522","1.4566","1.4300","","-1.35%"
"09/26/2008","1.4615","1.4617","1.4678","1.4554","","-0.05%"
"09/25/2008","1.4622","1.4610","1.4769","1.4560","","0.06%"
"09/24/2008","1.4613","1.4646","1.4748","1.4611","","-0.22%"
"09/23/2008","1.4645","1.4795","1.4827","1.4623","","-0.95%"
"09/22/2008","1.4786","1.4492","1.4867","1.4438","","2.21%"
"09/19/2008","1.4466","1.4327","1.4500","1.4151","","0.89%"
"09/18/2008","1.4339","1.4319","1.4543","1.4280","","0.24%"
"09/17/2008","1.4305","1.4112","1.4385","1.4092","","1.30%"
"09/16/2008","1.4121","1.4263","1.4285","1.4079","","-1.02%"
"09/15/2008","1.4266","1.4315","1.4481","1.4086","","0.27%"
"09/12/2008","1.4228","1.4019","1.4232","1.3971","","1.41%"
"09/11/2008","1.4030","1.3975","1.4036","1.3880","","0.31%"
"09/10/2008","1.3986","1.4111","1.4179","1.3972","","-1.07%"
"09/09/2008","1.4137","1.4126","1.4227","1.4047","","0.07%"
"09/08/2008","1.4127","1.4384","1.4429","1.4054","","-1.00%"
"09/05/2008","1.4269","1.4234","1.4349","1.4197","","0.13%"
"09/04/2008","1.4251","1.4493","1.4546","1.4217","","-1.64%"
"09/03/2008","1.4489","1.4516","1.4531","1.4385","","-0.19%"
"09/02/2008","1.4517","1.4607","1.4607","1.4466","","-0.61%"
"09/01/2008","1.4606","1.4702","1.4719","1.4582","","-0.46%"
"08/29/2008","1.4674","1.4704","1.4770","1.4641","","-0.17%"
"08/28/2008","1.4699","1.4712","1.4811","1.4670","","-0.16%"
"08/27/2008","1.4722","1.4647","1.4777","1.4633","","0.49%"
"08/26/2008","1.4650","1.4751","1.4761","1.4568","","-0.68%"
"08/25/2008","1.4751","1.4787","1.4808","1.4696","","-0.28%"
"08/22/2008","1.4793","1.4895","1.4902","1.4758","","-0.76%"
"08/21/2008","1.4907","1.4742","1.4908","1.4731","","1.11%"
"08/20/2008","1.4744","1.4786","1.4807","1.4673","","-0.30%"
"08/19/2008","1.4789","1.4683","1.4796","1.4630","","0.63%"
"08/18/2008","1.4696","1.4682","1.4768","1.4672","","0.05%"
"08/15/2008","1.4689","1.4802","1.4808","1.4657","","-0.80%"
"08/14/2008","1.4808","1.4923","1.4950","1.4778","","-0.78%"
"08/13/2008","1.4924","1.4907","1.4979","1.4840","","0.03%"
"08/12/2008","1.4920","1.4898","1.4965","1.4813","","0.10%"
"08/11/2008","1.4905","1.4934","1.5084","1.4879","","-0.67%"
"08/08/2008","1.5006","1.5320","1.5335","1.4996","","-2.06%"
"08/07/2008","1.5322","1.5414","1.5505","1.5309","","-0.60%"
"08/06/2008","1.5414","1.5454","1.5518","1.5399","","-0.28%"
"08/05/2008","1.5458","1.5574","1.5577","1.5447","","-0.76%"
"08/04/2008","1.5577","1.5570","1.5633","1.5554","","0.07%"
"08/01/2008","1.5566","1.5598","1.5600","1.5513","","-0.22%"
"07/31/2008","1.5601","1.5577","1.5701","1.5568","","0.15%"
"07/30/2008","1.5577","1.5583","1.5617","1.5520","","-0.08%"
"07/29/2008","1.5589","1.5739","1.5760","1.5553","","-1.00%"
"07/28/2008","1.5746","1.5700","1.5769","1.5683","","0.23%"
"07/25/2008","1.5710","1.5676","1.5754","1.5662","","0.22%"
"07/24/2008","1.5676","1.5683","1.5714","1.5628","","-0.08%"
"07/23/2008","1.5688","1.5791","1.5798","1.5669","","-0.61%"
"07/22/2008","1.5784","1.5926","1.5945","1.5757","","-0.92%"
"07/21/2008","1.5930","1.5837","1.5932","1.5827","","0.52%"
"07/18/2008","1.5848","1.5859","1.5889","1.5805","","-0.09%"
"07/17/2008","1.5863","1.5824","1.5895","1.5784","","0.25%"
"07/16/2008","1.5824","1.5916","1.5949","1.5800","","-0.60%"
"07/15/2008","1.5919","1.5900","1.6039","1.5865","","0.09%"
"07/14/2008","1.5905","1.5964","1.5972","1.5841","","-0.23%"
"07/11/2008","1.5942","1.5787","1.5948","1.5765","","0.99%"
"07/10/2008","1.5785","1.5740","1.5801","1.5690","","0.27%"
"07/09/2008","1.5742","1.5669","1.5753","1.5649","","0.45%"
"07/08/2008","1.5672","1.5724","1.5740","1.5634","","-0.32%"
"07/07/2008","1.5722","1.5696","1.5753","1.5609","","0.10%"
"07/04/2008","1.5706","1.5698","1.5729","1.5653","","0.05%"
"07/03/2008","1.5698","1.5887","1.5911","1.5682","","-1.15%"
"07/02/2008","1.5880","1.5795","1.5890","1.5775","","0.57%"
"07/01/2008","1.5790","1.5756","1.5828","1.5723","","0.22%"
"06/30/2008","1.5756","1.5776","1.5837","1.5730","","-0.25%"
"06/27/2008","1.5795","1.5753","1.5795","1.5716","","0.25%"
"06/26/2008","1.5755","1.5669","1.5768","1.5627","","0.54%"
"06/25/2008","1.5671","1.5567","1.5688","1.5537","","0.67%"
"06/24/2008","1.5566","1.5518","1.5623","1.5492","","0.27%"
"06/23/2008","1.5524","1.5630","1.5631","1.5468","","-0.52%"
"06/20/2008","1.5605","1.5505","1.5652","1.5491","","0.67%"
"06/19/2008","1.5501","1.5531","1.5587","1.5466","","-0.21%"
"06/18/2008","1.5534","1.5506","1.5539","1.5460","","0.16%"
"06/17/2008","1.5509","1.5466","1.5552","1.5460","","0.27%"
"06/16/2008","1.5467","1.5410","1.5518","1.5345","","0.57%"
"06/13/2008","1.5380","1.5450","1.5484","1.5302","","-0.43%"
"06/12/2008","1.5447","1.5557","1.5566","1.5379","","-0.69%"
"06/11/2008","1.5554","1.5452","1.5587","1.5452","","0.59%"
"06/10/2008","1.5463","1.5642","1.5654","1.5439","","-1.16%"
"06/09/2008","1.5644","1.5793","1.5846","1.5617","","-0.84%"
"06/06/2008","1.5777","1.5583","1.5777","1.5570","","1.23%"
"06/05/2008","1.5586","1.5423","1.5603","1.5366","","0.99%"
"06/04/2008","1.5433","1.5434","1.5484","1.5419","","-0.08%"
"06/03/2008","1.5446","1.5538","1.5630","1.5410","","-0.63%"
"06/02/2008","1.5544","1.5560","1.5591","1.5487","","-0.06%"
"05/30/2008","1.5554","1.5517","1.5571","1.5462","","0.24%"
"05/29/2008","1.5516","1.5646","1.5665","1.5486","","-0.78%"
"05/28/2008","1.5638","1.5678","1.5762","1.5608","","-0.30%"
"05/27/2008","1.5685","1.5774","1.5819","1.5681","","-0.58%"
"05/26/2008","1.5776","1.5772","1.5794","1.5742","","0.06%"
"05/23/2008","1.5766","1.5726","1.5796","1.5697","","0.23%"
"05/22/2008","1.5730","1.5795","1.5816","1.5692","","-0.37%"
"05/21/2008","1.5789","1.5650","1.5795","1.5631","","0.84%"
"05/20/2008","1.5657","1.5518","1.5680","1.5503","","0.90%"
"05/19/2008","1.5518","1.5597","1.5633","1.5485","","-0.38%"
"05/16/2008","1.5577","1.5442","1.5602","1.5437","","0.86%"
"05/15/2008","1.5444","1.5482","1.5548","1.5419","","-0.21%"
"05/14/2008","1.5476","1.5471","1.5487","1.5395","","0.10%"
"05/13/2008","1.5460","1.5541","1.5567","1.5431","","-0.56%"
"05/12/2008","1.5547","1.5462","1.5571","1.5365","","0.41%"
"05/09/2008","1.5483","1.5404","1.5491","1.5394","","0.49%"
"05/08/2008","1.5407","1.5394","1.5441","1.5285","","0.10%"
"05/07/2008","1.5391","1.5531","1.5539","1.5365","","-0.90%"
"05/06/2008","1.5531","1.5498","1.5594","1.5451","","0.25%"
"05/05/2008","1.5492","1.5433","1.5519","1.5422","","0.41%"
"05/02/2008","1.5429","1.5467","1.5501","1.5360","","-0.27%"
"05/01/2008","1.5470","1.5614","1.5644","1.5429","","-0.94%"
"04/30/2008","1.5617","1.5568","1.5643","1.5517","","0.31%"
"04/29/2008","1.5569","1.5651","1.5661","1.5541","","-0.58%"
"04/28/2008","1.5660","1.5617","1.5693","1.5593","","0.22%"
"04/25/2008","1.5625","1.5680","1.5709","1.5555","","-0.37%"
"04/24/2008","1.5683","1.5883","1.5892","1.5638","","-1.29%"
"04/23/2008","1.5888","1.6000","1.6000","1.5859","","-0.63%"
"04/22/2008","1.5988","1.5912","1.6019","1.5834","","0.52%"
"04/21/2008","1.5906","1.5812","1.5948","1.5791","","0.58%"
"04/18/2008","1.5815","1.5895","1.5959","1.5712","","-0.51%"
"04/17/2008","1.5896","1.5940","1.5984","1.5846","","-0.34%"
"04/16/2008","1.5950","1.5791","1.5978","1.5758","","1.00%"
"04/15/2008","1.5792","1.5841","1.5876","1.5751","","-0.33%"
"04/14/2008","1.5845","1.5698","1.5887","1.5671","","0.24%"
"04/11/2008","1.5807","1.5743","1.5857","1.5739","","0.41%"
"04/10/2008","1.5743","1.5830","1.5913","1.5724","","-0.56%"
"04/09/2008","1.5832","1.5702","1.5866","1.5684","","0.83%"
"04/08/2008","1.5701","1.5710","1.5799","1.5674","","-0.01%"
"04/07/2008","1.5703","1.5732","1.5737","1.5627","","-0.22%"
"04/04/2008","1.5737","1.5683","1.5775","1.5637","","0.36%"
"04/03/2008","1.5680","1.5689","1.5694","1.5510","","-0.05%"
"04/02/2008","1.5688","1.5617","1.5703","1.5534","","0.50%"
"04/01/2008","1.5610","1.5764","1.5787","1.5560","","-1.04%"
"03/31/2008","1.5774","1.5812","1.5896","1.5760","","-0.18%"
"03/28/2008","1.5802","1.5779","1.5841","1.5741","","0.13%"
"03/27/2008","1.5781","1.5842","1.5848","1.5726","","-0.40%"
"03/26/2008","1.5845","1.5630","1.5860","1.5584","","1.38%"
"03/25/2008","1.5629","1.5433","1.5659","1.5408","","1.28%"
"03/24/2008","1.5432","1.5422","1.5458","1.5342","","0.00%"
"03/21/2008","1.5432","1.5433","1.5474","1.5406","","-0.01%"
"03/20/2008","1.5434","1.5641","1.5652","1.5397","","-1.27%"
"03/19/2008","1.5633","1.5623","1.5787","1.5583","","0.04%"
"03/18/2008","1.5626","1.5731","1.5834","1.5618","","-0.65%"
"03/17/2008","1.5729","1.5725","1.5906","1.5685","","0.34%"
"03/14/2008","1.5675","1.5627","1.5690","1.5532","","0.22%"
"03/13/2008","1.5640","1.5566","1.5646","1.5522","","0.44%"
"03/12/2008","1.5571","1.5337","1.5571","1.5334","","1.55%"
"03/11/2008","1.5333","1.5346","1.5497","1.5283","","-0.05%"
"03/10/2008","1.5341","1.5364","1.5404","1.5313","","-0.07%"
"03/07/2008","1.5351","1.5388","1.5461","1.5314","","-0.25%"
"03/06/2008","1.5389","1.5265","1.5396","1.5261","","0.77%"
"03/05/2008","1.5271","1.5215","1.5303","1.5146","","0.40%"
"03/04/2008","1.5210","1.5206","1.5250","1.5173","","0.01%"
"03/03/2008","1.5208","1.5194","1.5276","1.5156","","0.18%"
"02/29/2008","1.5181","1.5205","1.5240","1.5144","","-0.28%"
"02/28/2008","1.5223","1.5124","1.5231","1.5074","","0.66%"
"02/27/2008","1.5123","1.4980","1.5145","1.4972","","0.99%"
"02/26/2008","1.4975","1.4829","1.4984","1.4779","","0.98%"
"02/25/2008","1.4829","1.4839","1.4846","1.4795","","-0.02%"
"02/22/2008","1.4832","1.4812","1.4864","1.4789","","0.13%"
"02/21/2008","1.4813","1.4712","1.4838","1.4703","","0.68%"
"02/20/2008","1.4713","1.4727","1.4732","1.4614","","-0.10%"
"02/19/2008","1.4727","1.4655","1.4759","1.4642","","0.46%"
"02/18/2008","1.4659","1.4679","1.4692","1.4611","","-0.14%"
"02/15/2008","1.4680","1.4638","1.4711","1.4632","","0.29%"
"02/14/2008","1.4638","1.4570","1.4648","1.4548","","0.47%"
"02/13/2008","1.4570","1.4579","1.4600","1.4531","","-0.09%"
"02/12/2008","1.4583","1.4520","1.4615","1.4495","","0.39%"
"02/11/2008","1.4526","1.4518","1.4579","1.4482","","0.11%"
"02/08/2008","1.4510","1.4482","1.4548","1.4449","","0.17%"
"02/07/2008","1.4485","1.4636","1.4655","1.4440","","-0.94%"
"02/06/2008","1.4622","1.4645","1.4672","1.4591","","-0.12%"
"02/05/2008","1.4639","1.4832","1.4836","1.4622","","-1.27%"
"02/04/2008","1.4827","1.4807","1.4851","1.4794","","0.18%"
"02/01/2008","1.4800","1.4860","1.4954","1.4787","","-0.44%"
"01/31/2008","1.4866","1.4862","1.4915","1.4801","","-0.09%"
"01/30/2008","1.4880","1.4777","1.4907","1.4756","","0.70%"
"01/29/2008","1.4777","1.4784","1.4798","1.4737","","-0.06%"
"01/28/2008","1.4786","1.4681","1.4799","1.4660","","0.78%"
"01/25/2008","1.4672","1.4758","1.4777","1.4661","","-0.65%"
"01/24/2008","1.4768","1.4630","1.4781","1.4591","","0.89%"
"01/23/2008","1.4638","1.4627","1.4684","1.4510","","0.08%"
"01/22/2008","1.4627","1.4446","1.4644","1.4365","","1.25%"
"01/21/2008","1.4446","1.4605","1.4606","1.4422","","-1.13%"
"01/18/2008","1.4611","1.4647","1.4697","1.4604","","-0.33%"
"01/17/2008","1.4659","1.4651","1.4715","1.4588","","0.00%"
"01/16/2008","1.4659","1.4802","1.4860","1.4595","","-1.01%"
"01/15/2008","1.4808","1.4867","1.4923","1.4800","","-0.40%"
"01/14/2008","1.4868","1.4783","1.4916","1.4780","","0.62%"
"01/11/2008","1.4777","1.4808","1.4821","1.4762","","-0.20%"
"01/10/2008","1.4807","1.4658","1.4816","1.4640","","1.00%"
"01/09/2008","1.4661","1.4705","1.4745","1.4640","","-0.32%"
"01/08/2008","1.4708","1.4692","1.4746","1.4680","","0.13%"
"01/07/2008","1.4689","1.4747","1.4758","1.4659","","-0.38%"
"01/04/2008","1.4745","1.4748","1.4825","1.4695","","-0.02%"
"01/03/2008","1.4748","1.4726","1.4783","1.4687","","0.14%"
"01/02/2008","1.4727","1.4593","1.4752","1.4589","","0.95%"
"01/01/2008","1.4589","1.4587","1.4610","1.4578","","-0.01%"
"12/31/2007","1.4590","1.4720","1.4748","1.4569","","-0.86%"
"12/28/2007","1.4717","1.4624","1.4729","1.4592","","0.71%"
"12/27/2007","1.4613","1.4487","1.4640","1.4469","","0.83%"
"12/26/2007","1.4493","1.4402","1.4507","1.4390","","0.61%"
"12/25/2007","1.4405","1.4397","1.4415","1.4389","","0.04%"
"12/24/2007","1.4399","1.4374","1.4414","1.4359","","0.22%"
"12/21/2007","1.4367","1.4327","1.4411","1.4316","","0.33%"
"12/20/2007","1.4320","1.4375","1.4392","1.4309","","-0.40%"
"12/19/2007","1.4378","1.4416","1.4424","1.4325","","-0.22%"
"12/18/2007","1.4409","1.4400","1.4438","1.4367","","0.06%"
"12/17/2007","1.4400","1.4388","1.4455","1.4331","","-0.13%"
"12/14/2007","1.4419","1.4630","1.4661","1.4411","","-1.42%"
"12/13/2007","1.4627","1.4706","1.4738","1.4576","","-0.54%"
"12/12/2007","1.4707","1.4657","1.4748","1.4649","","0.38%"
"12/11/2007","1.4651","1.4714","1.4752","1.4640","","-0.43%"
"12/10/2007","1.4714","1.4655","1.4737","1.4640","","0.39%"
"12/07/2007","1.4657","1.4632","1.4674","1.4600","","0.17%"
"12/06/2007","1.4632","1.4611","1.4653","1.4527","","0.19%"
"12/05/2007","1.4604","1.4765","1.4771","1.4591","","-1.10%"
"12/04/2007","1.4766","1.4667","1.4768","1.4634","","0.69%"
"12/03/2007","1.4665","1.4638","1.4708","1.4619","","0.23%"
"11/30/2007","1.4632","1.4745","1.4785","1.4628","","-0.74%"
"11/29/2007","1.4741","1.4844","1.4847","1.4720","","-0.61%"
"11/28/2007","1.4831","1.4824","1.4860","1.4710","","0.00%"
"11/27/2007","1.4831","1.4872","1.4910","1.4809","","-0.34%"
"11/26/2007","1.4881","1.4823","1.4888","1.4805","","0.30%"
"11/23/2007","1.4837","1.4849","1.4968","1.4784","","-0.12%"
"11/22/2007","1.4855","1.4857","1.4874","1.4821","","-0.01%"
"11/21/2007","1.4857","1.4842","1.4872","1.4773","","0.23%"
"11/20/2007","1.4823","1.4665","1.4834","1.4634","","1.09%"
"11/19/2007","1.4663","1.4671","1.4688","1.4618","","0.03%"
"11/16/2007","1.4659","1.4611","1.4674","1.4581","","0.27%"
"11/15/2007","1.4619","1.4644","1.4707","1.4606","","-0.26%"
"11/14/2007","1.4657","1.4604","1.4726","1.4598","","0.37%"
"11/13/2007","1.4603","1.4533","1.4635","1.4521","","0.47%"
"11/12/2007","1.4535","1.4671","1.4676","1.4526","","-0.96%"
"11/09/2007","1.4676","1.4672","1.4754","1.4630","","0.01%"
"11/08/2007","1.4674","1.4642","1.4705","1.4616","","0.20%"
"11/07/2007","1.4644","1.4559","1.4731","1.4553","","0.60%"
"11/06/2007","1.4556","1.4466","1.4573","1.4464","","0.64%"
"11/05/2007","1.4463","1.4514","1.4526","1.4444","","-0.31%"
"11/02/2007","1.4508","1.4423","1.4528","1.4417","","0.61%"
"11/01/2007","1.4420","1.4480","1.4484","1.4404","","-0.42%"
"10/31/2007","1.4481","1.4440","1.4505","1.4418","","0.28%"
"10/30/2007","1.4440","1.4425","1.4442","1.4375","","0.10%"
"10/29/2007","1.4425","1.4412","1.4440","1.4377","","0.19%"
"10/26/2007","1.4397","1.4330","1.4398","1.4317","","0.52%"
"10/25/2007","1.4323","1.4266","1.4346","1.4247","","0.39%"
"10/24/2007","1.4267","1.4261","1.4270","1.4189","","0.04%"
"10/23/2007","1.4261","1.4179","1.4281","1.4170","","0.59%"
"10/22/2007","1.4177","1.4327","1.4348","1.4125","","-0.89%"
"10/19/2007","1.4305","1.4286","1.4320","1.4245","","0.08%"
"10/18/2007","1.4293","1.4209","1.4312","1.4196","","0.63%"
"10/17/2007","1.4203","1.4169","1.4231","1.4157","","0.28%"
"10/16/2007","1.4163","1.4215","1.4229","1.4143","","-0.34%"
"10/15/2007","1.4212","1.4182","1.4245","1.4161","","0.23%"
"10/12/2007","1.4179","1.4201","1.4214","1.4153","","-0.11%"
"10/11/2007","1.4194","1.4143","1.4242","1.4135","","0.33%"
"10/10/2007","1.4147","1.4103","1.4173","1.4094","","0.28%"
"10/09/2007","1.4108","1.4058","1.4115","1.4015","","0.36%"
"10/08/2007","1.4057","1.4146","1.4154","1.4034","","-0.56%"
"10/05/2007","1.4136","1.4133","1.4157","1.4031","","0.01%"
"10/04/2007","1.4135","1.4091","1.4150","1.4068","","0.35%"
"10/03/2007","1.4085","1.4152","1.4202","1.4082","","-0.48%"
"10/02/2007","1.4153","1.4233","1.4239","1.4139","","-0.56%"
"10/01/2007","1.4232","1.4278","1.4282","1.4211","","-0.28%"
"09/28/2007","1.4272","1.4149","1.4279","1.4145","","0.86%"
"09/27/2007","1.4151","1.4131","1.4191","1.4124","","0.15%"
"09/26/2007","1.4130","1.4146","1.4163","1.4111","","-0.11%"
"09/25/2007","1.4146","1.4084","1.4154","1.4060","","0.43%"
"09/24/2007","1.4085","1.4091","1.4131","1.4068","","-0.04%"
"09/21/2007","1.4091","1.4064","1.4122","1.4043","","0.12%"
"09/20/2007","1.4074","1.3967","1.4101","1.3962","","0.77%"
"09/19/2007","1.3967","1.3979","1.3988","1.3935","","-0.11%"
"09/18/2007","1.3982","1.3863","1.3990","1.3828","","0.84%"
"09/17/2007","1.3866","1.3868","1.3889","1.3849","","-0.06%"
"09/14/2007","1.3875","1.3868","1.3897","1.3845","","0.05%"
"09/13/2007","1.3868","1.3904","1.3927","1.3862","","-0.26%"
"09/12/2007","1.3904","1.3834","1.3916","1.3825","","0.48%"
"09/11/2007","1.3838","1.3807","1.3849","1.3779","","0.29%"
"09/10/2007","1.3798","1.3784","1.3817","1.3767","","0.22%"
"09/07/2007","1.3768","1.3695","1.3800","1.3664","","0.58%"
"09/06/2007","1.3689","1.3650","1.3711","1.3635","","0.29%"
"09/05/2007","1.3650","1.3604","1.3673","1.3569","","0.32%"
"09/04/2007","1.3607","1.3622","1.3628","1.3552","","-0.10%"
"09/03/2007","1.3621","1.3628","1.3656","1.3603","","-0.07%"
"08/31/2007","1.3630","1.3637","1.3721","1.3621","","-0.06%"
"08/30/2007","1.3638","1.3678","1.3679","1.3593","","-0.28%"
"08/29/2007","1.3676","1.3601","1.3681","1.3563","","0.53%"
"08/28/2007","1.3604","1.3642","1.3681","1.3599","","-0.29%"
"08/27/2007","1.3644","1.3671","1.3686","1.3634","","-0.27%"
"08/24/2007","1.3681","1.3566","1.3682","1.3554","","0.83%"
"08/23/2007","1.3569","1.3549","1.3589","1.3535","","0.14%"
"08/22/2007","1.3550","1.3462","1.3550","1.3449","","0.65%"
"08/21/2007","1.3462","1.3476","1.3523","1.3457","","-0.08%"
"08/20/2007","1.3473","1.3480","1.3509","1.3460","","-0.02%"
"08/17/2007","1.3476","1.3420","1.3546","1.3371","","0.39%"
"08/16/2007","1.3424","1.3426","1.3449","1.3359","","-0.01%"
"08/15/2007","1.3426","1.3536","1.3539","1.3425","","-0.82%"
"08/14/2007","1.3537","1.3607","1.3630","1.3531","","-0.54%"
"08/13/2007","1.3611","1.3687","1.3710","1.3603","","-0.60%"
"08/10/2007","1.3693","1.3678","1.3706","1.3641","","0.15%"
"08/09/2007","1.3672","1.3794","1.3819","1.3655","","-0.90%"
"08/08/2007","1.3796","1.3744","1.3828","1.3720","","0.38%"
"08/07/2007","1.3744","1.3790","1.3817","1.3735","","-0.36%"
"08/06/2007","1.3794","1.3828","1.3840","1.3780","","0.15%"
"08/03/2007","1.3774","1.3703","1.3820","1.3682","","0.54%"
"08/02/2007","1.3700","1.3681","1.3708","1.3651","","0.22%"
"08/01/2007","1.3670","1.3676","1.3712","1.3638","","-0.02%"
"07/31/2007","1.3673","1.3695","1.3728","1.3669","","-0.15%"
"07/30/2007","1.3693","1.3615","1.3706","1.3609","","0.43%"
"07/27/2007","1.3634","1.3737","1.3754","1.3627","","-0.80%"
"07/26/2007","1.3744","1.3725","1.3773","1.3691","","0.15%"
"07/25/2007","1.3724","1.3828","1.3831","1.3697","","-0.75%"
"07/24/2007","1.3828","1.3809","1.3854","1.3799","","0.12%"
"07/23/2007","1.3811","1.3838","1.3845","1.3796","","-0.12%"
"07/20/2007","1.3827","1.3797","1.3844","1.3779","","0.21%"
"07/19/2007","1.3798","1.3805","1.3832","1.3786","","-0.04%"
"07/18/2007","1.3803","1.3782","1.3834","1.3752","","0.11%"
"07/17/2007","1.3788","1.3774","1.3801","1.3758","","0.12%"
"07/16/2007","1.3771","1.3779","1.3803","1.3758","","-0.09%"
"07/13/2007","1.3784","1.3788","1.3815","1.3763","","-0.07%"
"07/12/2007","1.3794","1.3746","1.3800","1.3742","","0.35%"
"07/11/2007","1.3746","1.3748","1.3786","1.3731","","0.00%"
"07/10/2007","1.3746","1.3632","1.3750","1.3594","","0.86%"
"07/09/2007","1.3629","1.3633","1.3640","1.3609","","0.01%"
"07/06/2007","1.3628","1.3597","1.3642","1.3568","","0.22%"
"07/05/2007","1.3598","1.3613","1.3662","1.3579","","-0.10%"
"07/04/2007","1.3612","1.3609","1.3632","1.3605","","0.00%"
"07/03/2007","1.3612","1.3632","1.3636","1.3583","","-0.10%"
"07/02/2007","1.3626","1.3542","1.3639","1.3529","","0.62%"
"06/29/2007","1.3542","1.3447","1.3542","1.3430","","0.71%"
"06/28/2007","1.3446","1.3451","1.3482","1.3423","","-0.04%"
"06/27/2007","1.3452","1.3457","1.3460","1.3415","","-0.01%"
"06/26/2007","1.3453","1.3462","1.3481","1.3432","","-0.08%"
"06/25/2007","1.3464","1.3466","1.3474","1.3439","","-0.04%"
"06/22/2007","1.3469","1.3386","1.3471","1.3381","","0.54%"
"06/21/2007","1.3396","1.3403","1.3409","1.3373","","-0.07%"
"06/20/2007","1.3405","1.3424","1.3438","1.3396","","-0.16%"
"06/19/2007","1.3427","1.3414","1.3437","1.3382","","0.09%"
"06/18/2007","1.3415","1.3377","1.3420","1.3376","","0.20%"
"06/15/2007","1.3388","1.3306","1.3390","1.3304","","0.57%"
"06/14/2007","1.3312","1.3314","1.3325","1.3279","","0.00%"
"06/13/2007","1.3312","1.3302","1.3316","1.3264","","0.08%"
"06/12/2007","1.3302","1.3357","1.3369","1.3300","","-0.43%"
"06/11/2007","1.3359","1.3363","1.3365","1.3333","","-0.11%"
"06/08/2007","1.3374","1.3426","1.3429","1.3320","","-0.42%"
"06/07/2007","1.3430","1.3504","1.3514","1.3422","","-0.55%"
"06/06/2007","1.3504","1.3517","1.3541","1.3485","","-0.15%"
"06/05/2007","1.3524","1.3494","1.3555","1.3487","","0.23%"
"06/04/2007","1.3493","1.3445","1.3500","1.3432","","0.33%"
"06/01/2007","1.3449","1.3453","1.3464","1.3392","","-0.03%"
"05/31/2007","1.3453","1.3430","1.3478","1.3424","","0.19%"
"05/30/2007","1.3428","1.3447","1.3457","1.3407","","-0.13%"
"05/29/2007","1.3446","1.3450","1.3522","1.3420","","-0.05%"
"05/28/2007","1.3453","1.3447","1.3464","1.3445","","0.09%"
"05/25/2007","1.3441","1.3431","1.3474","1.3411","","0.10%"
"05/24/2007","1.3428","1.3460","1.3462","1.3415","","-0.25%"
"05/23/2007","1.3462","1.3451","1.3504","1.3415","","0.08%"
"05/22/2007","1.3451","1.3461","1.3480","1.3438","","-0.13%"
"05/21/2007","1.3468","1.3519","1.3529","1.3436","","-0.30%"
"05/18/2007","1.3509","1.3498","1.3522","1.3465","","0.10%"
"05/17/2007","1.3495","1.3516","1.3545","1.3475","","-0.19%"
"05/16/2007","1.3521","1.3594","1.3611","1.3504","","-0.52%"
"05/15/2007","1.3592","1.3542","1.3611","1.3527","","0.37%"
"05/14/2007","1.3542","1.3533","1.3559","1.3525","","0.10%"
"05/11/2007","1.3529","1.3476","1.3533","1.3462","","0.33%"
"05/10/2007","1.3485","1.3527","1.3565","1.3465","","-0.33%"
"05/09/2007","1.3529","1.3546","1.3567","1.3519","","-0.10%"
"05/08/2007","1.3542","1.3600","1.3623","1.3515","","-0.42%"
"05/07/2007","1.3599","1.3602","1.3629","1.3592","","0.07%"
"05/04/2007","1.3590","1.3548","1.3611","1.3531","","0.25%"
"05/03/2007","1.3556","1.3584","1.3624","1.3548","","-0.25%"
"05/02/2007","1.3590","1.3605","1.3613","1.3560","","-0.11%"
"05/01/2007","1.3605","1.3641","1.3674","1.3590","","-0.31%"
"04/30/2007","1.3647","1.3634","1.3680","1.3588","","-0.04%"
"04/27/2007","1.3653","1.3592","1.3683","1.3586","","0.43%"
"04/26/2007","1.3594","1.3643","1.3655","1.3584","","-0.32%"
"04/25/2007","1.3638","1.3638","1.3666","1.3619","","-0.04%"
"04/24/2007","1.3643","1.3579","1.3645","1.3548","","0.49%"
"04/23/2007","1.3577","1.3603","1.3609","1.3542","","-0.10%"
"04/20/2007","1.3591","1.3614","1.3638","1.3585","","-0.12%"
"04/19/2007","1.3608","1.3612","1.3621","1.3559","","-0.01%"
"04/18/2007","1.3609","1.3575","1.3619","1.3544","","0.27%"
"04/17/2007","1.3572","1.3526","1.3595","1.3521","","0.29%"
"04/16/2007","1.3533","1.3556","1.3577","1.3529","","0.03%"
"04/13/2007","1.3529","1.3489","1.3554","1.3479","","0.31%"
"04/12/2007","1.3487","1.3432","1.3504","1.3430","","0.41%"
"04/11/2007","1.3432","1.3434","1.3443","1.3407","","-0.04%"
"04/10/2007","1.3437","1.3358","1.3457","1.3348","","0.62%"
"04/09/2007","1.3354","1.3373","1.3380","1.3340","","-0.19%"
"04/06/2007","1.3379","1.3429","1.3435","1.3365","","-0.32%"
"04/05/2007","1.3422","1.3373","1.3443","1.3352","","0.37%"
"04/04/2007","1.3373","1.3325","1.3382","1.3319","","0.28%"
"04/03/2007","1.3335","1.3367","1.3384","1.3319","","-0.25%"
"04/02/2007","1.3369","1.3375","1.3384","1.3331","","0.08%"
"03/30/2007","1.3358","1.3329","1.3403","1.3289","","0.19%"
"03/29/2007","1.3333","1.3315","1.3356","1.3301","","0.12%"
"03/28/2007","1.3317","1.3356","1.3375","1.3307","","-0.28%"
"03/27/2007","1.3354","1.3331","1.3371","1.3319","","0.14%"
"03/26/2007","1.3335","1.3290","1.3349","1.3254","","0.38%"
"03/23/2007","1.3285","1.3333","1.3345","1.3282","","-0.36%"
"03/22/2007","1.3333","1.3384","1.3413","1.3310","","-0.40%"
"03/21/2007","1.3386","1.3321","1.3390","1.3287","","0.53%"
"03/20/2007","1.3316","1.3301","1.3324","1.3270","","0.11%"
"03/19/2007","1.3302","1.3319","1.3327","1.3279","","-0.09%"
"03/16/2007","1.3314","1.3238","1.3342","1.3232","","0.57%"
"03/15/2007","1.3239","1.3220","1.3254","1.3193","","0.11%"
"03/14/2007","1.3224","1.3199","1.3247","1.3175","","0.20%"
"03/13/2007","1.3198","1.3189","1.3223","1.3155","","0.08%"
"03/12/2007","1.3188","1.3115","1.3202","1.3108","","0.56%"
"03/09/2007","1.3114","1.3131","1.3159","1.3085","","-0.11%"
"03/08/2007","1.3129","1.3175","1.3184","1.3115","","-0.36%"
"03/07/2007","1.3176","1.3127","1.3187","1.3109","","0.37%"
"03/06/2007","1.3127","1.3093","1.3133","1.3079","","0.24%"
"03/05/2007","1.3095","1.3205","1.3214","1.3071","","-0.75%"
"03/02/2007","1.3194","1.3188","1.3203","1.3142","","0.06%"
"03/01/2007","1.3186","1.3230","1.3241","1.3154","","-0.37%"
"02/28/2007","1.3235","1.3244","1.3249","1.3180","","-0.05%"
"02/27/2007","1.3242","1.3188","1.3261","1.3160","","0.44%"
"02/26/2007","1.3184","1.3165","1.3201","1.3152","","0.13%"
"02/23/2007","1.3167","1.3123","1.3190","1.3102","","0.32%"
"02/22/2007","1.3125","1.3138","1.3144","1.3079","","-0.10%"
"02/21/2007","1.3138","1.3144","1.3167","1.3110","","0.00%"
"02/20/2007","1.3138","1.3155","1.3190","1.3127","","-0.13%"
"02/19/2007","1.3155","1.3158","1.3165","1.3122","","0.11%"
"02/16/2007","1.3141","1.3142","1.3148","1.3093","","-0.04%"
"02/15/2007","1.3146","1.3131","1.3173","1.3117","","0.13%"
"02/14/2007","1.3129","1.3039","1.3154","1.3024","","0.71%"
"02/13/2007","1.3037","1.2965","1.3045","1.2952","","0.56%"
"02/12/2007","1.2965","1.2992","1.3041","1.2942","","-0.31%"
"02/09/2007","1.3005","1.3041","1.3047","1.2982","","-0.26%"
"02/08/2007","1.3039","1.3014","1.3043","1.2974","","0.15%"
"02/07/2007","1.3019","1.2981","1.3025","1.2965","","0.29%"
"02/06/2007","1.2982","1.2931","1.2992","1.2912","","0.46%"
"02/05/2007","1.2923","1.2964","1.2970","1.2913","","-0.35%"
"02/02/2007","1.2969","1.3024","1.3064","1.2950","","-0.41%"
"02/01/2007","1.3022","1.3032","1.3053","1.2999","","-0.09%"
"01/31/2007","1.3034","1.2969","1.3038","1.2923","","0.53%"
"01/30/2007","1.2965","1.2957","1.2982","1.2942","","0.08%"
"01/29/2007","1.2955","1.2919","1.2967","1.2898","","0.31%"
"01/26/2007","1.2915","1.2936","1.2944","1.2875","","-0.14%"
"01/25/2007","1.2933","1.2967","1.3004","1.2914","","-0.22%"
"01/24/2007","1.2961","1.3022","1.3037","1.2946","","-0.49%"
"01/23/2007","1.3025","1.2949","1.3046","1.2928","","0.59%"
"01/22/2007","1.2948","1.2963","1.2982","1.2921","","-0.14%"
"01/19/2007","1.2966","1.2962","1.3002","1.2913","","0.09%"
"01/18/2007","1.2954","1.2944","1.2978","1.2896","","0.12%"
"01/17/2007","1.2938","1.2919","1.2952","1.2896","","0.15%"
"01/16/2007","1.2919","1.2941","1.2992","1.2909","","-0.13%"
"01/15/2007","1.2936","1.2927","1.2959","1.2914","","0.15%"
"01/12/2007","1.2917","1.2891","1.2946","1.2866","","0.19%"
"01/11/2007","1.2893","1.2937","1.3016","1.2881","","-0.32%"
"01/10/2007","1.2934","1.3002","1.3008","1.2931","","-0.48%"
"01/09/2007","1.2997","1.3023","1.3054","1.2985","","-0.18%"
"01/08/2007","1.3020","1.3013","1.3037","1.2973","","0.13%"
"01/05/2007","1.3003","1.3085","1.3106","1.2980","","-0.63%"
"01/04/2007","1.3085","1.3167","1.3182","1.3074","","-0.59%"
"01/03/2007","1.3163","1.3272","1.3291","1.3146","","-0.86%"
"01/02/2007","1.3277","1.3201","1.3299","1.3196","","0.59%"
"01/01/2007","1.3199","1.3197","1.3203","1.3171","","0.00%"
"12/29/2006","1.3199","1.3150","1.3208","1.3138","","0.39%"
"12/28/2006","1.3148","1.3119","1.3203","1.3104","","0.21%"
"12/27/2006","1.3120","1.3098","1.3180","1.3093","","0.18%"
"12/26/2006","1.3096","1.3117","1.3142","1.3089","","-0.27%"
"12/25/2006","1.3131","1.3133","1.3165","1.3100","","-0.10%"
"12/22/2006","1.3144","1.3174","1.3216","1.3109","","-0.22%"
"12/21/2006","1.3173","1.3175","1.3218","1.3140","","-0.04%"
"12/20/2006","1.3178","1.3188","1.3246","1.3160","","-0.11%"
"12/19/2006","1.3192","1.3102","1.3217","1.3083","","0.70%"
"12/18/2006","1.3100","1.3083","1.3123","1.3053","","0.13%"
"12/15/2006","1.3083","1.3144","1.3188","1.3059","","-0.48%"
"12/14/2006","1.3146","1.3215","1.3255","1.3140","","-0.54%"
"12/13/2006","1.3218","1.3282","1.3290","1.3191","","-0.47%"
"12/12/2006","1.3280","1.3238","1.3292","1.3211","","0.32%"
"12/11/2006","1.3237","1.3178","1.3265","1.3131","","0.27%"
"12/08/2006","1.3201","1.3287","1.3365","1.3192","","-0.68%"
"12/07/2006","1.3291","1.3283","1.3327","1.3274","","-0.02%"
"12/06/2006","1.3293","1.3317","1.3342","1.3255","","-0.23%"
"12/05/2006","1.3323","1.3338","1.3365","1.3285","","0.02%"
"12/04/2006","1.3321","1.3334","1.3369","1.3282","","-0.11%"
"12/01/2006","1.3336","1.3243","1.3350","1.3217","","0.72%"
"11/30/2006","1.3241","1.3154","1.3275","1.3141","","0.71%"
"11/29/2006","1.3148","1.3199","1.3220","1.3131","","-0.40%"
"11/28/2006","1.3201","1.3133","1.3209","1.3114","","0.52%"
"11/27/2006","1.3133","1.3171","1.3173","1.3087","","0.31%"
"11/24/2006","1.3093","1.2946","1.3112","1.2944","","1.17%"
"11/23/2006","1.2942","1.2946","1.2976","1.2927","","-0.02%"
"11/22/2006","1.2944","1.2843","1.2959","1.2837","","0.77%"
"11/21/2006","1.2845","1.2818","1.2856","1.2797","","0.26%"
"11/20/2006","1.2812","1.2830","1.2856","1.2805","","-0.12%"
"11/17/2006","1.2828","1.2793","1.2847","1.2761","","0.23%"
"11/16/2006","1.2798","1.2826","1.2842","1.2784","","-0.22%"
"11/15/2006","1.2826","1.2813","1.2837","1.2772","","0.11%"
"11/14/2006","1.2812","1.2807","1.2873","1.2790","","0.07%"
"11/13/2006","1.2803","1.2843","1.2879","1.2795","","-0.32%"
"11/10/2006","1.2844","1.2828","1.2901","1.2826","","0.14%"
"11/09/2006","1.2826","1.2757","1.2849","1.2750","","0.54%"
"11/08/2006","1.2757","1.2773","1.2811","1.2744","","-0.12%"
"11/07/2006","1.2772","1.2724","1.2821","1.2721","","0.40%"
"11/06/2006","1.2721","1.2719","1.2727","1.2689","","0.02%"
"11/03/2006","1.2718","1.2779","1.2793","1.2682","","-0.45%"
"11/02/2006","1.2776","1.2757","1.2786","1.2736","","0.16%"
"11/01/2006","1.2755","1.2763","1.2799","1.2742","","-0.06%"
"10/31/2006","1.2763","1.2726","1.2785","1.2679","","0.24%"
"10/30/2006","1.2732","1.2732","1.2739","1.2699","","-0.07%"
"10/27/2006","1.2741","1.2688","1.2753","1.2664","","0.39%"
"10/26/2006","1.2692","1.2602","1.2704","1.2600","","0.71%"
"10/25/2006","1.2602","1.2553","1.2625","1.2550","","0.36%"
"10/24/2006","1.2557","1.2548","1.2578","1.2523","","0.07%"
"10/23/2006","1.2548","1.2618","1.2622","1.2534","","-0.52%"
"10/20/2006","1.2614","1.2626","1.2641","1.2597","","-0.11%"
"10/19/2006","1.2628","1.2534","1.2645","1.2530","","0.76%"
"10/18/2006","1.2533","1.2534","1.2561","1.2500","","-0.04%"
"10/17/2006","1.2538","1.2532","1.2567","1.2508","","0.06%"
"10/16/2006","1.2530","1.2499","1.2538","1.2487","","0.12%"
"10/13/2006","1.2515","1.2556","1.2580","1.2484","","-0.35%"
"10/12/2006","1.2559","1.2517","1.2567","1.2515","","0.34%"
"10/11/2006","1.2517","1.2534","1.2559","1.2502","","-0.17%"
"10/10/2006","1.2538","1.2593","1.2618","1.2517","","-0.45%"
"10/09/2006","1.2595","1.2593","1.2618","1.2584","","-0.04%"
"10/06/2006","1.2600","1.2690","1.2717","1.2574","","-0.75%"
"10/05/2006","1.2695","1.2717","1.2732","1.2674","","-0.17%"
"10/04/2006","1.2717","1.2729","1.2744","1.2666","","-0.15%"
"10/03/2006","1.2736","1.2738","1.2769","1.2719","","-0.02%"
"10/02/2006","1.2738","1.2683","1.2759","1.2660","","0.52%"
"09/29/2006","1.2672","1.2698","1.2714","1.2638","","-0.27%"
"09/28/2006","1.2706","1.2698","1.2736","1.2677","","0.05%"
"09/27/2006","1.2700","1.2685","1.2721","1.2670","","0.12%"
"09/26/2006","1.2685","1.2748","1.2765","1.2662","","-0.53%"
"09/25/2006","1.2752","1.2792","1.2827","1.2732","","-0.22%"
"09/22/2006","1.2780","1.2783","1.2835","1.2774","","0.00%"
"09/21/2006","1.2780","1.2688","1.2799","1.2681","","0.73%"
"09/20/2006","1.2687","1.2673","1.2729","1.2662","","0.06%"
"09/19/2006","1.2679","1.2698","1.2729","1.2651","","-0.19%"
"09/18/2006","1.2703","1.2636","1.2712","1.2630","","0.44%"
"09/15/2006","1.2647","1.2721","1.2736","1.2630","","-0.58%"
"09/14/2006","1.2721","1.2698","1.2755","1.2674","","0.21%"
"09/13/2006","1.2694","1.2683","1.2717","1.2664","","0.07%"
"09/12/2006","1.2685","1.2700","1.2734","1.2670","","-0.15%"
"09/11/2006","1.2704","1.2668","1.2744","1.2647","","0.24%"
"09/08/2006","1.2673","1.2732","1.2742","1.2649","","-0.46%"
"09/07/2006","1.2732","1.2801","1.2832","1.2704","","-0.57%"
"09/06/2006","1.2805","1.2818","1.2837","1.2767","","-0.10%"
"09/05/2006","1.2818","1.2862","1.2866","1.2793","","-0.43%"
"09/04/2006","1.2873","1.2846","1.2876","1.2838","","0.29%"
"09/01/2006","1.2836","1.2804","1.2848","1.2754","","0.23%"
"08/31/2006","1.2807","1.2835","1.2881","1.2784","","-0.25%"
"08/30/2006","1.2839","1.2824","1.2855","1.2811","","0.08%"
"08/29/2006","1.2829","1.2786","1.2845","1.2750","","0.40%"
"08/28/2006","1.2778","1.2761","1.2822","1.2753","","0.22%"
"08/25/2006","1.2750","1.2767","1.2784","1.2725","","-0.13%"
"08/24/2006","1.2767","1.2784","1.2845","1.2750","","-0.16%"
"08/23/2006","1.2788","1.2805","1.2853","1.2776","","-0.13%"
"08/22/2006","1.2805","1.2887","1.2892","1.2783","","-0.67%"
"08/21/2006","1.2891","1.2828","1.2940","1.2826","","0.51%"
"08/18/2006","1.2826","1.2831","1.2848","1.2781","","-0.05%"
"08/17/2006","1.2832","1.2843","1.2893","1.2813","","-0.10%"
"08/16/2006","1.2845","1.2784","1.2868","1.2767","","0.45%"
"08/15/2006","1.2787","1.2723","1.2806","1.2695","","0.53%"
"08/14/2006","1.2719","1.2713","1.2767","1.2706","","-0.02%"
"08/11/2006","1.2722","1.2793","1.2801","1.2716","","-0.56%"
"08/10/2006","1.2794","1.2865","1.2914","1.2748","","-0.53%"
"08/09/2006","1.2862","1.2822","1.2904","1.2765","","0.22%"
"08/08/2006","1.2834","1.2831","1.2896","1.2806","","0.01%"
"08/07/2006","1.2833","1.2883","1.2893","1.2830","","-0.32%"
"08/04/2006","1.2874","1.2803","1.2912","1.2760","","0.54%"
"08/03/2006","1.2805","1.2790","1.2837","1.2742","","0.13%"
"08/02/2006","1.2788","1.2824","1.2837","1.2774","","-0.31%"
"08/01/2006","1.2828","1.2763","1.2830","1.2719","","0.51%"
"07/31/2006","1.2763","1.2767","1.2784","1.2738","","-0.01%"
"07/28/2006","1.2764","1.2697","1.2772","1.2658","","0.52%"
"07/27/2006","1.2698","1.2716","1.2774","1.2681","","-0.15%"
"07/26/2006","1.2717","1.2579","1.2725","1.2559","","1.11%"
"07/25/2006","1.2578","1.2630","1.2675","1.2561","","-0.45%"
"07/24/2006","1.2635","1.2702","1.2708","1.2609","","-0.49%"
"07/21/2006","1.2697","1.2630","1.2699","1.2624","","0.55%"
"07/20/2006","1.2628","1.2591","1.2656","1.2588","","0.28%"
"07/19/2006","1.2593","1.2503","1.2610","1.2457","","0.70%"
"07/18/2006","1.2506","1.2521","1.2561","1.2473","","-0.10%"
"07/17/2006","1.2519","1.2632","1.2647","1.2510","","-1.04%"
"07/14/2006","1.2651","1.2692","1.2698","1.2625","","-0.32%"
"07/13/2006","1.2692","1.2701","1.2734","1.2664","","-0.08%"
"07/12/2006","1.2702","1.2763","1.2782","1.2675","","-0.55%"
"07/11/2006","1.2772","1.2736","1.2779","1.2704","","0.27%"
"07/10/2006","1.2737","1.2812","1.2818","1.2718","","-0.57%"
"07/07/2006","1.2810","1.2780","1.2864","1.2765","","0.25%"
"07/06/2006","1.2778","1.2723","1.2784","1.2719","","0.45%"
"07/05/2006","1.2721","1.2786","1.2841","1.2704","","-0.58%"
"07/04/2006","1.2795","1.2790","1.2824","1.2784","","-0.02%"
"07/03/2006","1.2798","1.2790","1.2825","1.2762","","0.07%"
"06/30/2006","1.2789","1.2668","1.2797","1.2657","","1.00%"
"06/29/2006","1.2662","1.2550","1.2668","1.2515","","0.84%"
"06/28/2006","1.2557","1.2581","1.2586","1.2516","","-0.21%"
"06/27/2006","1.2584","1.2588","1.2620","1.2559","","-0.03%"
"06/26/2006","1.2588","1.2504","1.2605","1.2500","","0.61%"
"06/23/2006","1.2512","1.2572","1.2596","1.2479","","-0.52%"
"06/22/2006","1.2578","1.2664","1.2681","1.2550","","-0.65%"
"06/21/2006","1.2660","1.2584","1.2681","1.2580","","0.60%"
"06/20/2006","1.2584","1.2578","1.2618","1.2538","","0.08%"
"06/19/2006","1.2574","1.2649","1.2654","1.2550","","-0.56%"
"06/16/2006","1.2645","1.2634","1.2678","1.2619","","0.08%"
"06/15/2006","1.2635","1.2605","1.2658","1.2578","","0.24%"
"06/14/2006","1.2605","1.2548","1.2650","1.2534","","0.49%"
"06/13/2006","1.2544","1.2582","1.2620","1.2529","","-0.33%"
"06/12/2006","1.2585","1.2618","1.2653","1.2567","","-0.47%"
"06/09/2006","1.2644","1.2653","1.2686","1.2596","","-0.06%"
"06/08/2006","1.2651","1.2794","1.2809","1.2625","","-1.09%"
"06/07/2006","1.2790","1.2819","1.2838","1.2758","","-0.23%"
"06/06/2006","1.2820","1.2908","1.2938","1.2807","","-0.67%"
"06/05/2006","1.2906","1.2929","1.2980","1.2900","","-0.09%"
"06/02/2006","1.2918","1.2813","1.2942","1.2795","","0.84%"
"06/01/2006","1.2810","1.2813","1.2825","1.2721","","-0.02%"
"05/31/2006","1.2812","1.2876","1.2905","1.2804","","-0.49%"
"05/30/2006","1.2875","1.2748","1.2910","1.2740","","0.96%"
"05/29/2006","1.2752","1.2731","1.2770","1.2719","","0.13%"
"05/26/2006","1.2735","1.2816","1.2837","1.2701","","-0.55%"
"05/25/2006","1.2805","1.2759","1.2818","1.2746","","0.42%"
"05/24/2006","1.2752","1.2814","1.2894","1.2729","","-0.53%"
"05/23/2006","1.2820","1.2866","1.2879","1.2803","","-0.41%"
"05/22/2006","1.2873","1.2759","1.2887","1.2693","","0.78%"
"05/19/2006","1.2774","1.2858","1.2867","1.2695","","-0.68%"
"05/18/2006","1.2862","1.2731","1.2866","1.2721","","0.99%"
"05/17/2006","1.2736","1.2860","1.2923","1.2702","","-0.98%"
"05/16/2006","1.2862","1.2797","1.2870","1.2769","","0.51%"
"05/15/2006","1.2797","1.2950","1.2973","1.2778","","-1.04%"
"05/12/2006","1.2932","1.2838","1.2959","1.2831","","0.76%"
"05/11/2006","1.2834","1.2784","1.2873","1.2685","","0.36%"
"05/10/2006","1.2788","1.2761","1.2832","1.2750","","0.20%"
"05/09/2006","1.2763","1.2700","1.2784","1.2660","","0.43%"
"05/08/2006","1.2708","1.2742","1.2788","1.2691","","-0.13%"
"05/05/2006","1.2725","1.2692","1.2768","1.2673","","0.24%"
"05/04/2006","1.2694","1.2630","1.2723","1.2569","","0.42%"
"05/03/2006","1.2641","1.2614","1.2670","1.2589","","0.20%"
"05/02/2006","1.2616","1.2569","1.2668","1.2557","","0.24%"
"05/01/2006","1.2586","1.2626","1.2691","1.2555","","-0.40%"
"04/28/2006","1.2637","1.2530","1.2642","1.2521","","0.84%"
"04/27/2006","1.2532","1.2449","1.2551","1.2404","","0.70%"
"04/26/2006","1.2445","1.2429","1.2471","1.2386","","0.08%"
"04/25/2006","1.2435","1.2386","1.2440","1.2364","","0.32%"
"04/24/2006","1.2395","1.2373","1.2416","1.2332","","0.44%"
"04/21/2006","1.2341","1.2317","1.2363","1.2267","","0.16%"
"04/20/2006","1.2321","1.2382","1.2382","1.2285","","-0.48%"
"04/19/2006","1.2381","1.2358","1.2395","1.2283","","0.24%"
"04/18/2006","1.2351","1.2256","1.2361","1.2222","","0.80%"
"04/17/2006","1.2253","1.2124","1.2291","1.2122","","1.18%"
"04/14/2006","1.2110","1.2108","1.2120","1.2092","","-0.05%"
"04/13/2006","1.2116","1.2104","1.2135","1.2065","","0.07%"
"04/12/2006","1.2107","1.2142","1.2170","1.2066","","-0.33%"
"04/11/2006","1.2147","1.2113","1.2156","1.2090","","0.26%"
"04/10/2006","1.2115","1.2109","1.2130","1.2075","","0.21%"
"04/07/2006","1.2090","1.2223","1.2228","1.2088","","-1.11%"
"04/06/2006","1.2226","1.2298","1.2334","1.2197","","-0.57%"
"04/05/2006","1.2296","1.2262","1.2308","1.2243","","0.33%"
"04/04/2006","1.2256","1.2134","1.2279","1.2119","","0.97%"
"04/03/2006","1.2138","1.2121","1.2149","1.2031","","0.16%"
"03/31/2006","1.2119","1.2165","1.2176","1.2077","","-0.42%"
"03/30/2006","1.2170","1.2027","1.2170","1.2020","","1.17%"
"03/29/2006","1.2029","1.2001","1.2050","1.1976","","0.22%"
"03/28/2006","1.2003","1.2014","1.2111","1.1992","","-0.09%"
"03/27/2006","1.2014","1.2039","1.2064","1.2003","","-0.18%"
"03/24/2006","1.2036","1.1972","1.2048","1.1950","","0.53%"
"03/23/2006","1.1972","1.2077","1.2083","1.1955","","-0.89%"
"03/22/2006","1.2079","1.2094","1.2115","1.2064","","-0.07%"
"03/21/2006","1.2088","1.2167","1.2167","1.2073","","-0.65%"
"03/20/2006","1.2167","1.2186","1.2200","1.2147","","-0.19%"
"03/17/2006","1.2190","1.2176","1.2208","1.2139","","0.08%"
"03/16/2006","1.2180","1.2069","1.2190","1.2033","","0.90%"
"03/15/2006","1.2071","1.2013","1.2076","1.2005","","0.46%"
"03/14/2006","1.2016","1.1960","1.2033","1.1936","","0.46%"
"03/13/2006","1.1961","1.1917","1.1972","1.1911","","0.39%"
"03/10/2006","1.1915","1.1912","1.1934","1.1859","","0.01%"
"03/09/2006","1.1914","1.1924","1.1954","1.1901","","-0.08%"
"03/08/2006","1.1923","1.1886","1.1942","1.1871","","0.31%"
"03/07/2006","1.1886","1.2019","1.2024","1.1868","","-1.10%"
"03/06/2006","1.2018","1.2050","1.2094","1.1989","","-0.17%"
"03/03/2006","1.2039","1.2039","1.2054","1.1993","","-0.02%"
"03/02/2006","1.2041","1.1917","1.2046","1.1911","","1.06%"
"03/01/2006","1.1915","1.1921","1.1976","1.1890","","-0.05%"
"02/28/2006","1.1921","1.1848","1.1944","1.1835","","0.63%"
"02/27/2006","1.1846","1.1871","1.1879","1.1824","","-0.23%"
"02/24/2006","1.1873","1.1923","1.1936","1.1864","","-0.42%"
"02/23/2006","1.1923","1.1911","1.1972","1.1888","","0.10%"
"02/22/2006","1.1911","1.1913","1.1930","1.1858","","0.00%"
"02/21/2006","1.1911","1.1938","1.1944","1.1890","","-0.23%"
"02/20/2006","1.1938","1.1932","1.1976","1.1923","","0.03%"
"02/17/2006","1.1934","1.1904","1.1944","1.1856","","0.32%"
"02/16/2006","1.1896","1.1892","1.1904","1.1847","","0.09%"
"02/15/2006","1.1885","1.1916","1.1956","1.1871","","-0.25%"
"02/14/2006","1.1915","1.1900","1.1925","1.1856","","0.08%"
"02/13/2006","1.1905","1.1903","1.1925","1.1878","","0.04%"
"02/10/2006","1.1900","1.1980","1.2027","1.1892","","-0.68%"
"02/09/2006","1.1981","1.1964","1.1997","1.1946","","0.22%"
"02/08/2006","1.1955","1.1980","1.1997","1.1923","","-0.16%"
"02/07/2006","1.1974","1.1966","1.2016","1.1940","","0.09%"
"02/06/2006","1.1963","1.2037","1.2048","1.1944","","-0.51%"
"02/03/2006","1.2024","1.2092","1.2113","1.1968","","-0.61%"
"02/02/2006","1.2098","1.2058","1.2109","1.2031","","0.31%"
"02/01/2006","1.2061","1.2153","1.2166","1.2048","","-0.77%"
"01/31/2006","1.2155","1.2092","1.2191","1.2077","","0.55%"
"01/30/2006","1.2088","1.2106","1.2117","1.2062","","-0.10%"
"01/27/2006","1.2100","1.2205","1.2237","1.2085","","-0.93%"
"01/26/2006","1.2214","1.2244","1.2272","1.2200","","-0.26%"
"01/25/2006","1.2246","1.2284","1.2324","1.2234","","-0.28%"
"01/24/2006","1.2281","1.2310","1.2326","1.2259","","-0.25%"
"01/23/2006","1.2312","1.2141","1.2313","1.2138","","1.43%"
"01/20/2006","1.2138","1.2100","1.2142","1.2041","","0.33%"
"01/19/2006","1.2098","1.2115","1.2125","1.2052","","-0.06%"
"01/18/2006","1.2105","1.2107","1.2162","1.2071","","-0.02%"
"01/17/2006","1.2107","1.2119","1.2145","1.2050","","-0.12%"
"01/16/2006","1.2121","1.2151","1.2177","1.2105","","-0.14%"
"01/13/2006","1.2138","1.2037","1.2144","1.2026","","0.86%"
"01/12/2006","1.2035","1.2125","1.2165","1.2005","","-0.74%"
"01/11/2006","1.2125","1.2062","1.2146","1.2043","","0.48%"
"01/10/2006","1.2067","1.2084","1.2111","1.2036","","-0.17%"
"01/09/2006","1.2087","1.2147","1.2156","1.2051","","-0.51%"
"01/06/2006","1.2149","1.2107","1.2182","1.2079","","0.39%"
"01/05/2006","1.2102","1.2123","1.2123","1.2064","","-0.21%"
"01/04/2006","1.2128","1.2012","1.2144","1.2003","","0.97%"
"01/03/2006","1.2012","1.1824","1.2031","1.1810","","1.58%"
"01/02/2006","1.1825","1.1846","1.1870","1.1801","","-0.15%"
"12/30/2005","1.1843","1.1845","1.1890","1.1778","","-0.01%"
"12/29/2005","1.1844","1.1836","1.1884","1.1816","","0.08%"
"12/28/2005","1.1835","1.1829","1.1936","1.1814","","0.03%"
"12/27/2005","1.1831","1.1848","1.1881","1.1829","","-0.14%"
"12/26/2005","1.1848","1.1860","1.1867","1.1831","","-0.23%"
"12/23/2005","1.1875","1.1869","1.1885","1.1829","","0.05%"
"12/22/2005","1.1869","1.1837","1.1902","1.1810","","0.31%"
"12/21/2005","1.1832","1.1858","1.1912","1.1799","","-0.32%"
"12/20/2005","1.1870","1.2007","1.2015","1.1838","","-1.12%"
"12/19/2005","1.2004","1.2027","1.2040","1.1973","","-0.07%"
"12/16/2005","1.2013","1.1975","1.2028","1.1934","","0.29%"
"12/15/2005","1.1978","1.2001","1.2039","1.1934","","-0.22%"
"12/14/2005","1.2004","1.1945","1.2063","1.1930","","0.56%"
"12/13/2005","1.1937","1.1952","1.1987","1.1903","","-0.15%"
"12/12/2005","1.1955","1.1781","1.1984","1.1777","","1.21%"
"12/09/2005","1.1812","1.1820","1.1839","1.1764","","-0.04%"
"12/08/2005","1.1817","1.1721","1.1850","1.1701","","0.81%"
"12/07/2005","1.1722","1.1785","1.1804","1.1702","","-0.55%"
"12/06/2005","1.1787","1.1791","1.1810","1.1755","","0.03%"
"12/05/2005","1.1784","1.1704","1.1821","1.1688","","0.57%"
"12/02/2005","1.1717","1.1734","1.1751","1.1662","","-0.14%"
"12/01/2005","1.1734","1.1789","1.1805","1.1688","","-0.47%"
"11/30/2005","1.1789","1.1778","1.1805","1.1755","","0.03%"
"11/29/2005","1.1785","1.1845","1.1864","1.1738","","-0.56%"
"11/28/2005","1.1851","1.1716","1.1905","1.1682","","1.08%"
"11/25/2005","1.1724","1.1787","1.1790","1.1708","","-0.53%"
"11/24/2005","1.1787","1.1824","1.1827","1.1765","","-0.28%"
"11/23/2005","1.1820","1.1820","1.1865","1.1761","","0.07%"
"11/22/2005","1.1812","1.1728","1.1825","1.1684","","0.72%"
"11/21/2005","1.1728","1.1776","1.1841","1.1717","","-0.34%"
"11/18/2005","1.1768","1.1757","1.1795","1.1662","","0.08%"
"11/17/2005","1.1759","1.1667","1.1765","1.1639","","0.75%"
"11/16/2005","1.1672","1.1719","1.1738","1.1643","","-0.42%"
"11/15/2005","1.1721","1.1690","1.1732","1.1641","","0.23%"
"11/14/2005","1.1694","1.1723","1.1774","1.1660","","-0.26%"
"11/11/2005","1.1724","1.1685","1.1735","1.1671","","0.33%"
"11/10/2005","1.1686","1.1766","1.1799","1.1677","","-0.68%"
"11/09/2005","1.1766","1.1782","1.1795","1.1717","","-0.14%"
"11/08/2005","1.1782","1.1805","1.1808","1.1709","","-0.25%"
"11/07/2005","1.1812","1.1814","1.1837","1.1772","","-0.08%"
"11/04/2005","1.1822","1.1947","1.1997","1.1801","","-1.03%"
"11/03/2005","1.1945","1.2070","1.2087","1.1934","","-1.01%"
"11/02/2005","1.2067","1.2022","1.2085","1.1984","","0.47%"
"11/01/2005","1.2010","1.1995","1.2027","1.1970","","0.18%"
"10/31/2005","1.1988","1.2057","1.2091","1.1966","","-0.61%"
"10/28/2005","1.2062","1.2138","1.2172","1.2048","","-0.63%"
"10/27/2005","1.2138","1.2062","1.2174","1.2041","","0.60%"
"10/26/2005","1.2066","1.2109","1.2140","1.2048","","-0.39%"
"10/25/2005","1.2113","1.1980","1.2119","1.1936","","1.07%"
"10/24/2005","1.1985","1.1948","1.2023","1.1921","","0.30%"
"10/21/2005","1.1949","1.2018","1.2079","1.1930","","-0.56%"
"10/20/2005","1.2016","1.1989","1.2026","1.1947","","0.19%"
"10/19/2005","1.1993","1.1963","1.2003","1.1873","","0.25%"
"10/18/2005","1.1963","1.2022","1.2026","1.1916","","-0.52%"
"10/17/2005","1.2025","1.2082","1.2122","1.2009","","-0.43%"
"10/14/2005","1.2077","1.2027","1.2109","1.1976","","0.42%"
"10/13/2005","1.2027","1.2026","1.2038","1.1911","","0.02%"
"10/12/2005","1.2024","1.1993","1.2056","1.1953","","0.28%"
"10/11/2005","1.1991","1.2064","1.2071","1.1974","","-0.66%"
"10/10/2005","1.2071","1.2119","1.2155","1.2039","","-0.40%"
"10/07/2005","1.2119","1.2185","1.2185","1.2093","","-0.54%"
"10/06/2005","1.2185","1.1987","1.2208","1.1983","","1.75%"
"10/05/2005","1.1976","1.1919","1.1989","1.1915","","0.50%"
"10/04/2005","1.1917","1.1921","1.1951","1.1900","","-0.05%"
"10/03/2005","1.1923","1.2022","1.2033","1.1900","","-0.89%"
"09/30/2005","1.2030","1.2034","1.2090","1.1996","","-0.02%"
"09/29/2005","1.2033","1.2043","1.2079","1.2005","","-0.07%"
"09/28/2005","1.2041","1.2014","1.2058","1.1991","","0.21%"
"09/27/2005","1.2016","1.2074","1.2084","1.1977","","-0.49%"
"09/26/2005","1.2075","1.2035","1.2083","1.2010","","0.30%"
"09/23/2005","1.2039","1.2159","1.2172","1.2037","","-0.94%"
"09/22/2005","1.2153","1.2224","1.2271","1.2132","","-0.52%"
"09/21/2005","1.2217","1.2121","1.2241","1.2110","","0.83%"
"09/20/2005","1.2117","1.2138","1.2193","1.2109","","-0.17%"
"09/19/2005","1.2138","1.2168","1.2178","1.2100","","-0.80%"
"09/16/2005","1.2236","1.2223","1.2310","1.2196","","0.11%"
"09/15/2005","1.2222","1.2283","1.2288","1.2191","","-0.54%"
"09/14/2005","1.2288","1.2270","1.2337","1.2258","","0.19%"
"09/13/2005","1.2265","1.2277","1.2318","1.2246","","-0.12%"
"09/12/2005","1.2280","1.2404","1.2417","1.2272","","-1.04%"
"09/09/2005","1.2409","1.2396","1.2461","1.2374","","0.05%"
"09/08/2005","1.2403","1.2414","1.2458","1.2382","","-0.12%"
"09/07/2005","1.2418","1.2466","1.2537","1.2406","","-0.35%"
"09/06/2005","1.2462","1.2545","1.2546","1.2444","","-0.62%"
"09/05/2005","1.2540","1.2536","1.2586","1.2510","","0.12%"
"09/02/2005","1.2525","1.2502","1.2590","1.2466","","0.19%"
"09/01/2005","1.2501","1.2339","1.2525","1.2325","","1.27%"
"08/31/2005","1.2344","1.2218","1.2359","1.2188","","1.03%"
"08/30/2005","1.2218","1.2221","1.2238","1.2168","","-0.11%"
"08/29/2005","1.2231","1.2285","1.2346","1.2215","","-0.42%"
"08/26/2005","1.2283","1.2300","1.2344","1.2271","","-0.12%"
"08/25/2005","1.2298","1.2271","1.2329","1.2256","","0.24%"
"08/24/2005","1.2269","1.2227","1.2282","1.2159","","0.31%"
"08/23/2005","1.2231","1.2222","1.2256","1.2189","","0.05%"
"08/22/2005","1.2225","1.2163","1.2245","1.2156","","0.58%"
"08/19/2005","1.2154","1.2182","1.2197","1.2127","","-0.18%"
"08/18/2005","1.2176","1.2277","1.2296","1.2157","","-0.80%"
"08/17/2005","1.2274","1.2351","1.2370","1.2259","","-0.72%"
"08/16/2005","1.2363","1.2369","1.2374","1.2294","","-0.06%"
"08/15/2005","1.2370","1.2458","1.2458","1.2344","","-0.54%"
"08/12/2005","1.2437","1.2470","1.2487","1.2383","","-0.28%"
"08/11/2005","1.2472","1.2387","1.2479","1.2379","","0.70%"
"08/10/2005","1.2385","1.2377","1.2427","1.2334","","0.11%"
"08/09/2005","1.2371","1.2348","1.2418","1.2329","","0.17%"
"08/08/2005","1.2350","1.2343","1.2394","1.2318","","-0.11%"
"08/05/2005","1.2363","1.2390","1.2399","1.2313","","-0.19%"
"08/04/2005","1.2387","1.2333","1.2404","1.2298","","0.37%"
"08/03/2005","1.2341","1.2192","1.2345","1.2148","","1.16%"
"08/02/2005","1.2199","1.2176","1.2255","1.2171","","0.19%"
"08/01/2005","1.2176","1.2125","1.2252","1.2117","","0.38%"
"07/29/2005","1.2130","1.2127","1.2159","1.2073","","-0.02%"
"07/28/2005","1.2132","1.2065","1.2150","1.2033","","0.51%"
"07/27/2005","1.2071","1.2019","1.2089","1.1961","","0.49%"
"07/26/2005","1.2012","1.2067","1.2071","1.1980","","-0.40%"
"07/25/2005","1.2060","1.2054","1.2089","1.2027","","-0.06%"
"07/22/2005","1.2067","1.2165","1.2191","1.2053","","-0.82%"
"07/21/2005","1.2167","1.2153","1.2259","1.2101","","0.19%"
"07/20/2005","1.2144","1.2033","1.2188","1.1995","","0.91%"
"07/19/2005","1.2035","1.2052","1.2068","1.1952","","-0.16%"
"07/18/2005","1.2054","1.2022","1.2090","1.2021","","0.16%"
"07/15/2005","1.2035","1.2085","1.2140","1.2012","","-0.40%"
"07/14/2005","1.2083","1.2083","1.2127","1.2056","","-0.09%"
"07/13/2005","1.2094","1.2241","1.2241","1.2071","","-1.20%"
"07/12/2005","1.2241","1.2075","1.2258","1.2052","","1.37%"
"07/11/2005","1.2075","1.1967","1.2087","1.1957","","0.87%"
"07/08/2005","1.1971","1.1947","1.1987","1.1873","","0.15%"
"07/07/2005","1.1953","1.1932","1.2043","1.1909","","0.18%"
"07/06/2005","1.1932","1.1917","1.1955","1.1892","","0.13%"
"07/05/2005","1.1916","1.1901","1.1943","1.1870","","0.12%"
"07/04/2005","1.1902","1.1934","1.1951","1.1886","","-0.48%"
"07/01/2005","1.1959","1.2100","1.2109","1.1942","","-1.18%"
"06/30/2005","1.2102","1.2073","1.2123","1.2043","","0.21%"
"06/29/2005","1.2077","1.2066","1.2113","1.2014","","0.14%"
"06/28/2005","1.2060","1.2168","1.2176","1.2047","","-0.86%"
"06/27/2005","1.2165","1.2092","1.2188","1.2092","","0.56%"
"06/24/2005","1.2097","1.2029","1.2110","1.1983","","0.48%"
"06/23/2005","1.2039","1.2132","1.2146","1.2016","","-0.72%"
"06/22/2005","1.2126","1.2174","1.2208","1.2096","","-0.43%"
"06/21/2005","1.2178","1.2153","1.2187","1.2066","","0.26%"
"06/20/2005","1.2147","1.2195","1.2241","1.2124","","-1.16%"
"06/17/2005","1.2289","1.2111","1.2291","1.2091","","1.49%"
"06/16/2005","1.2109","1.2123","1.2169","1.2055","","-0.10%"
"06/15/2005","1.2121","1.2028","1.2133","1.2015","","0.77%"
"06/14/2005","1.2028","1.2118","1.2154","1.2022","","-0.71%"
"06/13/2005","1.2114","1.2113","1.2123","1.2027","","-0.07%"
"06/10/2005","1.2123","1.2231","1.2252","1.2108","","-0.88%"
"06/09/2005","1.2231","1.2237","1.2258","1.2176","","-0.07%"
"06/08/2005","1.2239","1.2281","1.2355","1.2207","","-0.37%"
"06/07/2005","1.2285","1.2262","1.2317","1.2239","","0.23%"
"06/06/2005","1.2257","1.2224","1.2296","1.2218","","0.18%"
"06/03/2005","1.2235","1.2275","1.2346","1.2205","","-0.33%"
"06/02/2005","1.2275","1.2207","1.2300","1.2184","","0.71%"
"06/01/2005","1.2188","1.2306","1.2343","1.2160","","-0.99%"
"05/31/2005","1.2310","1.2473","1.2487","1.2295","","-1.31%"
"05/30/2005","1.2473","1.2534","1.2548","1.2462","","-0.81%"
"05/27/2005","1.2575","1.2515","1.2593","1.2509","","0.50%"
"05/26/2005","1.2512","1.2605","1.2618","1.2496","","-0.72%"
"05/25/2005","1.2603","1.2577","1.2620","1.2549","","0.19%"
"05/24/2005","1.2579","1.2569","1.2632","1.2556","","0.01%"
"05/23/2005","1.2578","1.2544","1.2599","1.2534","","0.15%"
"05/20/2005","1.2559","1.2637","1.2656","1.2536","","-0.66%"
"05/19/2005","1.2643","1.2675","1.2692","1.2605","","-0.28%"
"05/18/2005","1.2679","1.2612","1.2692","1.2586","","0.59%"
"05/17/2005","1.2605","1.2628","1.2666","1.2592","","-0.24%"
"05/16/2005","1.2635","1.2626","1.2651","1.2580","","0.13%"
"05/13/2005","1.2618","1.2673","1.2691","1.2611","","-0.41%"
"05/12/2005","1.2670","1.2805","1.2816","1.2664","","-1.05%"
"05/11/2005","1.2804","1.2881","1.2915","1.2777","","-0.61%"
"05/10/2005","1.2883","1.2866","1.2893","1.2814","","0.12%"
"05/09/2005","1.2868","1.2817","1.2878","1.2789","","0.24%"
"05/06/2005","1.2837","1.2960","1.2967","1.2810","","-0.94%"
"05/05/2005","1.2959","1.2952","1.2992","1.2925","","0.10%"
"05/04/2005","1.2946","1.2871","1.2974","1.2867","","0.61%"
"05/03/2005","1.2868","1.2853","1.2917","1.2826","","0.03%"
"05/02/2005","1.2864","1.2862","1.2877","1.2837","","-0.07%"
"04/29/2005","1.2873","1.2898","1.2982","1.2853","","-0.21%"
"04/28/2005","1.2900","1.2925","1.2944","1.2881","","-0.22%"
"04/27/2005","1.2929","1.2994","1.2994","1.2904","","-0.47%"
"04/26/2005","1.2990","1.2990","1.3017","1.2944","","-0.08%"
"04/25/2005","1.3001","1.3064","1.3065","1.2954","","-0.51%"
"04/22/2005","1.3068","1.3051","1.3098","1.3022","","0.11%"
"04/21/2005","1.3054","1.3091","1.3127","1.3025","","-0.24%"
"04/20/2005","1.3085","1.3054","1.3104","1.2988","","0.21%"
"04/19/2005","1.3057","1.3020","1.3078","1.2980","","0.31%"
"04/18/2005","1.3016","1.2914","1.3047","1.2877","","0.77%"
"04/15/2005","1.2917","1.2799","1.2941","1.2776","","0.86%"
"04/14/2005","1.2807","1.2921","1.2923","1.2767","","-0.85%"
"04/13/2005","1.2917","1.2917","1.2955","1.2849","","-0.05%"
"04/12/2005","1.2923","1.2973","1.3018","1.2864","","-0.41%"
"04/11/2005","1.2976","1.2925","1.3005","1.2906","","0.29%"
"04/08/2005","1.2938","1.2853","1.2944","1.2809","","0.65%"
"04/07/2005","1.2855","1.2872","1.2941","1.2844","","-0.13%"
"04/06/2005","1.2872","1.2857","1.2912","1.2838","","0.11%"
"04/05/2005","1.2858","1.2853","1.2879","1.2799","","0.07%"
"04/04/2005","1.2849","1.2881","1.2906","1.2816","","-0.46%"
"04/01/2005","1.2908","1.2960","1.3060","1.2869","","-0.42%"
"03/31/2005","1.2963","1.2917","1.3020","1.2910","","0.31%"
"03/30/2005","1.2923","1.2927","1.2986","1.2910","","0.02%"
"03/29/2005","1.2921","1.2889","1.2957","1.2875","","0.25%"
"03/28/2005","1.2889","1.2961","1.2965","1.2854","","-0.53%"
"03/25/2005","1.2958","1.2943","1.2971","1.2927","","0.13%"
"03/24/2005","1.2941","1.2990","1.3035","1.2932","","-0.36%"
"03/23/2005","1.2988","1.3077","1.3089","1.2959","","-0.76%"
"03/22/2005","1.3087","1.3157","1.3228","1.3053","","-0.65%"
"03/21/2005","1.3172","1.3312","1.3317","1.3139","","-1.10%"
"03/18/2005","1.3318","1.3377","1.3388","1.3264","","-0.44%"
"03/17/2005","1.3377","1.3417","1.3423","1.3342","","-0.33%"
"03/16/2005","1.3421","1.3306","1.3439","1.3289","","0.85%"
"03/15/2005","1.3308","1.3371","1.3413","1.3296","","-0.47%"
"03/14/2005","1.3371","1.3459","1.3479","1.3333","","-0.62%"
"03/11/2005","1.3454","1.3417","1.3482","1.3392","","0.19%"
"03/10/2005","1.3428","1.3393","1.3458","1.3370","","0.30%"
"03/09/2005","1.3388","1.3342","1.3426","1.3331","","0.33%"
"03/08/2005","1.3344","1.3211","1.3363","1.3207","","1.02%"
"03/07/2005","1.3209","1.3241","1.3251","1.3180","","-0.24%"
"03/04/2005","1.3241","1.3110","1.3260","1.3089","","1.00%"
"03/03/2005","1.3110","1.3141","1.3168","1.3097","","-0.16%"
"03/02/2005","1.3131","1.3188","1.3190","1.3087","","-0.42%"
"03/01/2005","1.3186","1.3226","1.3234","1.3167","","-0.39%"
"02/28/2005","1.3237","1.3244","1.3281","1.3231","","-0.05%"
"02/25/2005","1.3243","1.3196","1.3249","1.3142","","0.30%"
"02/24/2005","1.3203","1.3211","1.3272","1.3175","","-0.08%"
"02/23/2005","1.3213","1.3254","1.3275","1.3186","","-0.29%"
"02/22/2005","1.3251","1.3064","1.3264","1.3054","","1.44%"
"02/21/2005","1.3063","1.3048","1.3083","1.3034","","-0.07%"
"02/18/2005","1.3072","1.3070","1.3083","1.3011","","0.02%"
"02/17/2005","1.3070","1.3030","1.3091","1.3014","","0.29%"
"02/16/2005","1.3032","1.3028","1.3066","1.2955","","0.09%"
"02/15/2005","1.3020","1.2976","1.3054","1.2954","","0.44%"
"02/14/2005","1.2963","1.2879","1.2991","1.2874","","0.75%"
"02/11/2005","1.2866","1.2877","1.2898","1.2845","","-0.08%"
"02/10/2005","1.2876","1.2811","1.2907","1.2739","","0.55%"
"02/09/2005","1.2805","1.2766","1.2817","1.2739","","0.28%"
"02/08/2005","1.2769","1.2761","1.2801","1.2731","","0.08%"
"02/07/2005","1.2759","1.2856","1.2865","1.2730","","-0.88%"
"02/04/2005","1.2872","1.2974","1.3044","1.2863","","-0.78%"
"02/03/2005","1.2973","1.3026","1.3038","1.2939","","-0.48%"
"02/02/2005","1.3036","1.3047","1.3096","1.3009","","-0.05%"
"02/01/2005","1.3042","1.3037","1.3069","1.3001","","0.06%"
"01/31/2005","1.3034","1.3034","1.3060","1.2974","","-0.08%"
"01/28/2005","1.3044","1.3043","1.3084","1.2985","","0.07%"
"01/27/2005","1.3035","1.3083","1.3126","1.3010","","-0.37%"
"01/26/2005","1.3084","1.2970","1.3109","1.2964","","0.85%"
"01/25/2005","1.2974","1.3056","1.3079","1.2943","","-0.63%"
"01/24/2005","1.3056","1.3039","1.3102","1.3026","","0.05%"
"01/21/2005","1.3050","1.2966","1.3069","1.2930","","0.63%"
"01/20/2005","1.2968","1.3009","1.3025","1.2921","","-0.25%"
"01/19/2005","1.3001","1.3024","1.3119","1.2963","","-0.20%"
"01/18/2005","1.3027","1.3061","1.3076","1.2994","","-0.28%"
"01/17/2005","1.3064","1.3102","1.3129","1.3064","","-0.32%"
"01/14/2005","1.3106","1.3218","1.3226","1.3056","","-0.85%"
"01/13/2005","1.3218","1.3257","1.3268","1.3192","","-0.35%"
"01/12/2005","1.3265","1.3109","1.3294","1.3082","","1.15%"
"01/11/2005","1.3114","1.3080","1.3172","1.3066","","0.23%"
"01/10/2005","1.3084","1.3061","1.3124","1.3049","","0.23%"
"01/07/2005","1.3054","1.3171","1.3251","1.3024","","-0.89%"
"01/06/2005","1.3171","1.3262","1.3286","1.3156","","-0.69%"
"01/05/2005","1.3262","1.3282","1.3305","1.3215","","-0.08%"
"01/04/2005","1.3272","1.3466","1.3496","1.3249","","-1.42%"
"01/03/2005","1.3463","1.3547","1.3582","1.3386","","-0.70%"
"12/31/2004","1.3558","1.3638","1.3662","1.3511","","-0.59%"
"12/30/2004","1.3639","1.3609","1.3671","1.3575","","0.25%"
"12/29/2004","1.3605","1.3615","1.3647","1.3556","","-0.04%"
"12/28/2004","1.3611","1.3617","1.3647","1.3588","","-0.04%"
"12/27/2004","1.3616","1.3530","1.3642","1.3514","","0.63%"
"12/24/2004","1.3531","1.3518","1.3552","1.3487","","0.15%"
"12/23/2004","1.3511","1.3390","1.3520","1.3381","","0.92%"
"12/22/2004","1.3388","1.3369","1.3407","1.3344","","0.13%"
"12/21/2004","1.3371","1.3396","1.3409","1.3350","","-0.17%"
"12/20/2004","1.3394","1.3334","1.3415","1.3298","","0.64%"
"12/17/2004","1.3309","1.3241","1.3318","1.3226","","0.49%"
"12/16/2004","1.3244","1.3400","1.3431","1.3204","","-1.05%"
"12/15/2004","1.3385","1.3303","1.3447","1.3261","","0.62%"
"12/14/2004","1.3303","1.3315","1.3338","1.3258","","-0.06%"
"12/13/2004","1.3311","1.3197","1.3329","1.3188","","0.65%"
"12/10/2004","1.3225","1.3315","1.3318","1.3137","","-0.71%"
"12/09/2004","1.3319","1.3340","1.3365","1.3251","","-0.14%"
"12/08/2004","1.3338","1.3427","1.3436","1.3193","","-0.66%"
"12/07/2004","1.3426","1.3406","1.3471","1.3388","","0.19%"
"12/06/2004","1.3401","1.3442","1.3458","1.3389","","-0.41%"
"12/03/2004","1.3456","1.3271","1.3463","1.3256","","1.40%"
"12/02/2004","1.3270","1.3346","1.3384","1.3234","","-0.44%"
"12/01/2004","1.3329","1.3283","1.3337","1.3274","","0.27%"
"11/30/2004","1.3293","1.3279","1.3335","1.3230","","0.16%"
"11/29/2004","1.3272","1.3268","1.3304","1.3228","","-0.16%"
"11/26/2004","1.3293","1.3249","1.3333","1.3184","","0.35%"
"11/25/2004","1.3247","1.3188","1.3251","1.3161","","0.53%"
"11/24/2004","1.3177","1.3088","1.3181","1.3080","","0.73%"
"11/23/2004","1.3082","1.3046","1.3107","1.2974","","0.30%"
"11/22/2004","1.3043","1.3035","1.3053","1.3009","","0.18%"
"11/19/2004","1.3020","1.2960","1.3070","1.2938","","0.49%"
"11/18/2004","1.2956","1.3033","1.3076","1.2939","","-0.64%"
"11/17/2004","1.3039","1.2957","1.3050","1.2950","","0.63%"
"11/16/2004","1.2957","1.2944","1.2995","1.2916","","0.07%"
"11/15/2004","1.2948","1.2976","1.3001","1.2915","","-0.22%"
"11/12/2004","1.2976","1.2906","1.2990","1.2875","","0.54%"
"11/11/2004","1.2906","1.2888","1.2921","1.2858","","0.13%"
"11/10/2004","1.2889","1.2898","1.3007","1.2847","","-0.04%"
"11/09/2004","1.2894","1.2916","1.2941","1.2881","","-0.19%"
"11/08/2004","1.2919","1.2971","1.2986","1.2904","","-0.37%"
"11/05/2004","1.2967","1.2872","1.2971","1.2761","","0.76%"
"11/04/2004","1.2869","1.2821","1.2898","1.2789","","0.38%"
"11/03/2004","1.2820","1.2738","1.2830","1.2656","","0.73%"
"11/02/2004","1.2727","1.2753","1.2758","1.2663","","-0.20%"
"11/01/2004","1.2752","1.2805","1.2833","1.2717","","-0.26%"
"10/29/2004","1.2785","1.2744","1.2802","1.2709","","0.31%"
"10/28/2004","1.2746","1.2698","1.2767","1.2630","","0.30%"
"10/27/2004","1.2708","1.2748","1.2813","1.2692","","-0.37%"
"10/26/2004","1.2755","1.2811","1.2843","1.2723","","-0.41%"
"10/25/2004","1.2807","1.2713","1.2833","1.2710","","0.95%"
"10/22/2004","1.2687","1.2611","1.2689","1.2599","","0.55%"
"10/21/2004","1.2618","1.2584","1.2654","1.2570","","0.25%"
"10/20/2004","1.2586","1.2517","1.2631","1.2489","","0.54%"
"10/19/2004","1.2519","1.2494","1.2530","1.2451","","0.18%"
"10/18/2004","1.2496","1.2479","1.2538","1.2462","","0.24%"
"10/15/2004","1.2466","1.2380","1.2508","1.2334","","0.69%"
"10/14/2004","1.2380","1.2342","1.2424","1.2321","","0.28%"
"10/13/2004","1.2346","1.2328","1.2360","1.2227","","0.20%"
"10/12/2004","1.2321","1.2386","1.2393","1.2286","","-0.50%"
"10/11/2004","1.2383","1.2417","1.2422","1.2367","","-0.19%"
"10/08/2004","1.2407","1.2286","1.2437","1.2284","","0.99%"
"10/07/2004","1.2285","1.2283","1.2315","1.2271","","-0.02%"
"10/06/2004","1.2288","1.2313","1.2325","1.2246","","-0.19%"
"10/05/2004","1.2312","1.2288","1.2332","1.2262","","0.15%"
"10/04/2004","1.2293","1.2404","1.2406","1.2260","","-0.97%"
"10/01/2004","1.2414","1.2435","1.2441","1.2384","","-0.14%"
"09/30/2004","1.2432","1.2330","1.2445","1.2311","","0.81%"
"09/29/2004","1.2332","1.2325","1.2344","1.2289","","0.05%"
"09/28/2004","1.2326","1.2299","1.2352","1.2281","","0.19%"
"09/27/2004","1.2303","1.2282","1.2316","1.2246","","0.20%"
"09/24/2004","1.2278","1.2268","1.2368","1.2239","","0.08%"
"09/23/2004","1.2268","1.2267","1.2337","1.2255","","0.00%"
"09/22/2004","1.2268","1.2332","1.2334","1.2226","","-0.51%"
"09/21/2004","1.2331","1.2169","1.2349","1.2166","","1.26%"
"09/20/2004","1.2178","1.2173","1.2180","1.2126","","-0.17%"
"09/17/2004","1.2199","1.2186","1.2228","1.2159","","0.11%"
"09/16/2004","1.2186","1.2150","1.2201","1.2120","","0.29%"
"09/15/2004","1.2151","1.2249","1.2264","1.2134","","-0.79%"
"09/14/2004","1.2248","1.2261","1.2298","1.2224","","-0.08%"
"09/13/2004","1.2258","1.2268","1.2288","1.2222","","-0.03%"
"09/10/2004","1.2262","1.2234","1.2313","1.2196","","0.27%"
"09/09/2004","1.2229","1.2186","1.2241","1.2159","","0.37%"
"09/08/2004","1.2184","1.2107","1.2194","1.2025","","0.64%"
"09/07/2004","1.2107","1.2065","1.2114","1.2053","","0.39%"
"09/06/2004","1.2060","1.2063","1.2083","1.2046","","0.07%"
"09/03/2004","1.2052","1.2172","1.2197","1.2041","","-1.03%"
"09/02/2004","1.2177","1.2194","1.2202","1.2140","","-0.17%"
"09/01/2004","1.2198","1.2182","1.2224","1.2144","","0.08%"
"08/31/2004","1.2188","1.2055","1.2197","1.2043","","1.08%"
"08/30/2004","1.2058","1.2014","1.2071","1.1987","","0.42%"
"08/27/2004","1.2008","1.2106","1.2140","1.2004","","-0.81%"
"08/26/2004","1.2106","1.2085","1.2123","1.2041","","0.19%"
"08/25/2004","1.2083","1.2084","1.2117","1.2051","","0.00%"
"08/24/2004","1.2083","1.2138","1.2172","1.2061","","-0.42%"
"08/23/2004","1.2134","1.2319","1.2319","1.2132","","-1.45%"
"08/20/2004","1.2312","1.2372","1.2385","1.2278","","-0.44%"
"08/19/2004","1.2367","1.2330","1.2381","1.2328","","0.23%"
"08/18/2004","1.2339","1.2353","1.2368","1.2285","","-0.15%"
"08/17/2004","1.2357","1.2359","1.2392","1.2312","","-0.03%"
"08/16/2004","1.2361","1.2380","1.2382","1.2315","","-0.12%"
"08/13/2004","1.2376","1.2251","1.2377","1.2173","","1.03%"
"08/12/2004","1.2250","1.2219","1.2302","1.2212","","0.18%"
"08/11/2004","1.2228","1.2223","1.2250","1.2194","","0.02%"
"08/10/2004","1.2226","1.2271","1.2322","1.2226","","-0.37%"
"08/09/2004","1.2271","1.2288","1.2292","1.2245","","-0.07%"
"08/06/2004","1.2279","1.2062","1.2294","1.2045","","1.82%"
"08/05/2004","1.2060","1.2050","1.2075","1.2018","","0.07%"
"08/04/2004","1.2052","1.2047","1.2069","1.1970","","0.00%"
"08/03/2004","1.2052","1.2024","1.2077","1.1991","","0.24%"
"08/02/2004","1.2023","1.2071","1.2096","1.2015","","0.02%"
"07/30/2004","1.2020","1.2038","1.2124","1.2001","","-0.14%"
"07/29/2004","1.2037","1.2052","1.2098","1.1991","","-0.15%"
"07/28/2004","1.2055","1.2059","1.2080","1.1998","","-0.01%"
"07/27/2004","1.2056","1.2146","1.2191","1.2033","","-0.75%"
"07/26/2004","1.2147","1.2106","1.2173","1.2087","","0.44%"
"07/23/2004","1.2094","1.2254","1.2268","1.2086","","-1.29%"
"07/22/2004","1.2252","1.2259","1.2296","1.2231","","-0.15%"
"07/21/2004","1.2270","1.2332","1.2354","1.2211","","-0.48%"
"07/20/2004","1.2329","1.2441","1.2457","1.2299","","-0.92%"
"07/19/2004","1.2443","1.2443","1.2464","1.2397","","-0.08%"
"07/16/2004","1.2453","1.2356","1.2462","1.2327","","0.78%"
"07/15/2004","1.2357","1.2380","1.2393","1.2326","","-0.22%"
"07/14/2004","1.2384","1.2337","1.2424","1.2318","","0.41%"
"07/13/2004","1.2333","1.2411","1.2413","1.2299","","-0.64%"
"07/12/2004","1.2413","1.2412","1.2439","1.2382","","-0.02%"
"07/09/2004","1.2415","1.2390","1.2424","1.2368","","0.21%"
"07/08/2004","1.2389","1.2367","1.2409","1.2340","","0.12%"
"07/07/2004","1.2374","1.2286","1.2391","1.2272","","0.70%"
"07/06/2004","1.2288","1.2285","1.2333","1.2264","","-0.02%"
"07/05/2004","1.2291","1.2329","1.2339","1.2273","","-0.28%"
"07/02/2004","1.2326","1.2158","1.2331","1.2145","","1.36%"
"07/01/2004","1.2161","1.2188","1.2207","1.2130","","-0.21%"
"06/30/2004","1.2187","1.2077","1.2205","1.2064","","0.89%"
"06/29/2004","1.2079","1.2183","1.2193","1.2068","","-0.89%"
"06/28/2004","1.2187","1.2174","1.2231","1.2122","","0.11%"
"06/25/2004","1.2174","1.2178","1.2188","1.2106","","-0.01%"
"06/24/2004","1.2175","1.2095","1.2190","1.2040","","0.69%"
"06/23/2004","1.2091","1.2114","1.2194","1.2062","","-0.18%"
"06/22/2004","1.2113","1.2114","1.2132","1.2066","","-0.01%"
"06/21/2004","1.2114","1.2143","1.2145","1.2076","","-0.23%"
"06/18/2004","1.2142","1.2043","1.2148","1.1974","","0.83%"
"06/17/2004","1.2042","1.2008","1.2079","1.1991","","0.25%"
"06/16/2004","1.2012","1.2162","1.2171","1.1980","","-1.23%"
"06/15/2004","1.2161","1.2056","1.2170","1.2027","","0.89%"
"06/14/2004","1.2054","1.1984","1.2088","1.1953","","0.37%"
"06/11/2004","1.2009","1.2113","1.2116","1.1963","","-0.81%"
"06/10/2004","1.2107","1.2040","1.2118","1.2022","","0.54%"
"06/09/2004","1.2042","1.2260","1.2276","1.2037","","-1.79%"
"06/08/2004","1.2262","1.2323","1.2353","1.2247","","-0.46%"
"06/07/2004","1.2319","1.2299","1.2341","1.2292","","0.43%"
"06/04/2004","1.2266","1.2216","1.2300","1.2140","","0.38%"
"06/03/2004","1.2219","1.2209","1.2254","1.2170","","0.07%"
"06/02/2004","1.2210","1.2245","1.2308","1.2207","","-0.31%"
"06/01/2004","1.2248","1.2186","1.2267","1.2155","","0.51%"
"05/31/2004","1.2186","1.2238","1.2244","1.2177","","-0.23%"
"05/28/2004","1.2214","1.2268","1.2298","1.2199","","-0.45%"
"05/27/2004","1.2269","1.2114","1.2289","1.2087","","1.28%"
"05/26/2004","1.2114","1.2099","1.2145","1.2079","","0.13%"
"05/25/2004","1.2098","1.2010","1.2131","1.1987","","0.79%"
"05/24/2004","1.2003","1.1987","1.2026","1.1932","","0.05%"
"05/21/2004","1.1997","1.1964","1.2071","1.1951","","0.28%"
"05/20/2004","1.1963","1.2018","1.2020","1.1891","","-0.42%"
"05/19/2004","1.2014","1.1953","1.2046","1.1937","","0.49%"
"05/18/2004","1.1955","1.2014","1.2039","1.1930","","-0.56%"
"05/17/2004","1.2022","1.1890","1.2062","1.1875","","1.19%"
"05/14/2004","1.1881","1.1812","1.1902","1.1780","","0.52%"
"05/13/2004","1.1820","1.1908","1.1932","1.1772","","-0.66%"
"05/12/2004","1.1899","1.1864","1.1942","1.1832","","0.19%"
"05/11/2004","1.1877","1.1829","1.1892","1.1789","","0.34%"
"05/10/2004","1.1837","1.1877","1.1894","1.1810","","-0.40%"
"05/07/2004","1.1885","1.2071","1.2137","1.1876","","-1.59%"
"05/06/2004","1.2077","1.2166","1.2175","1.2061","","-0.69%"
"05/05/2004","1.2161","1.2104","1.2180","1.2096","","0.41%"
"05/04/2004","1.2111","1.1939","1.2118","1.1926","","1.50%"
"05/03/2004","1.1932","1.1995","1.2001","1.1921","","-0.42%"
"04/30/2004","1.1982","1.1967","1.2014","1.1920","","0.13%"
"04/29/2004","1.1966","1.1848","1.1984","1.1803","","1.06%"
"04/28/2004","1.1840","1.1929","1.1956","1.1821","","-0.74%"
"04/27/2004","1.1928","1.1856","1.1947","1.1829","","0.59%"
"04/26/2004","1.1858","1.1808","1.1887","1.1762","","0.10%"
"04/23/2004","1.1846","1.1908","1.1946","1.1799","","-0.55%"
"04/22/2004","1.1911","1.1837","1.1915","1.1784","","0.56%"
"04/21/2004","1.1845","1.1855","1.1919","1.1816","","-0.12%"
"04/20/2004","1.1859","1.2004","1.2012","1.1842","","-1.26%"
"04/19/2004","1.2010","1.2012","1.2081","1.2003","","0.07%"
"04/16/2004","1.2001","1.1978","1.2050","1.1923","","0.14%"
"04/15/2004","1.1984","1.1957","1.1996","1.1895","","0.18%"
"04/14/2004","1.1963","1.1946","1.1976","1.1866","","0.15%"
"04/13/2004","1.1945","1.2078","1.2083","1.1904","","-1.13%"
"04/12/2004","1.2081","1.2085","1.2100","1.2051","","-0.04%"
"04/09/2004","1.2086","1.2083","1.2117","1.2064","","0.04%"
"04/08/2004","1.2081","1.2173","1.2223","1.2059","","-0.76%"
"04/07/2004","1.2174","1.2130","1.2199","1.2050","","0.50%"
"04/06/2004","1.2113","1.2006","1.2134","1.1982","","0.82%"
"04/05/2004","1.2014","1.2113","1.2130","1.1982","","-1.02%"
"04/02/2004","1.2138","1.2365","1.2374","1.2102","","-1.80%"
"04/01/2004","1.2361","1.2315","1.2391","1.2252","","0.37%"
"03/31/2004","1.2315","1.2166","1.2325","1.2165","","1.21%"
"03/30/2004","1.2168","1.2158","1.2231","1.2151","","0.07%"
"03/29/2004","1.2159","1.2127","1.2172","1.2050","","0.21%"
"03/26/2004","1.2133","1.2136","1.2213","1.2072","","0.03%"
"03/25/2004","1.2129","1.2131","1.2203","1.2097","","0.00%"
"03/24/2004","1.2129","1.2336","1.2369","1.2118","","-1.62%"
"03/23/2004","1.2329","1.2334","1.2371","1.2265","","-0.06%"
"03/22/2004","1.2336","1.2287","1.2403","1.2222","","0.52%"
"03/19/2004","1.2272","1.2386","1.2408","1.2254","","-0.95%"
"03/18/2004","1.2390","1.2235","1.2436","1.2220","","1.25%"
"03/17/2004","1.2237","1.2271","1.2290","1.2178","","-0.23%"
"03/16/2004","1.2265","1.2266","1.2374","1.2237","","-0.03%"
"03/15/2004","1.2269","1.2189","1.2320","1.2188","","0.43%"
"03/12/2004","1.2217","1.2355","1.2374","1.2172","","-1.14%"
"03/11/2004","1.2358","1.2238","1.2358","1.2162","","0.96%"
"03/10/2004","1.2241","1.2321","1.2340","1.2195","","-0.63%"
"03/09/2004","1.2319","1.2406","1.2463","1.2274","","-0.69%"
"03/08/2004","1.2404","1.2387","1.2416","1.2336","","0.23%"
"03/05/2004","1.2376","1.2198","1.2433","1.2174","","1.47%"
"03/04/2004","1.2197","1.2207","1.2245","1.2134","","-0.09%"
"03/03/2004","1.2208","1.2220","1.2226","1.2059","","-0.12%"
"03/02/2004","1.2223","1.2465","1.2470","1.2196","","-1.78%"
"03/01/2004","1.2445","1.2489","1.2544","1.2422","","-0.36%"
"02/27/2004","1.2490","1.2438","1.2510","1.2373","","0.44%"
"02/26/2004","1.2435","1.2498","1.2517","1.2382","","-0.49%"
"02/25/2004","1.2496","1.2685","1.2710","1.2475","","-1.50%"
"02/24/2004","1.2686","1.2557","1.2715","1.2522","","1.05%"
"02/23/2004","1.2554","1.2510","1.2596","1.2451","","0.18%"
"02/20/2004","1.2532","1.2712","1.2766","1.2493","","-1.42%"
"02/19/2004","1.2713","1.2695","1.2739","1.2652","","0.28%"
"02/18/2004","1.2677","1.2844","1.2929","1.2659","","-1.25%"
"02/17/2004","1.2837","1.2771","1.2879","1.2752","","0.48%"
"02/16/2004","1.2776","1.2752","1.2792","1.2715","","0.28%"
"02/13/2004","1.2740","1.2807","1.2895","1.2715","","-0.48%"
"02/12/2004","1.2802","1.2829","1.2847","1.2785","","-0.23%"
"02/11/2004","1.2831","1.2673","1.2838","1.2647","","1.07%"
"02/10/2004","1.2695","1.2695","1.2790","1.2680","","0.03%"
"02/09/2004","1.2691","1.2612","1.2764","1.2604","","-0.10%"
"02/06/2004","1.2704","1.2551","1.2725","1.2511","","1.31%"
"02/05/2004","1.2540","1.2538","1.2639","1.2521","","0.05%"
"02/04/2004","1.2534","1.2538","1.2563","1.2491","","0.02%"
"02/03/2004","1.2532","1.2426","1.2601","1.2416","","0.83%"
"02/02/2004","1.2429","1.2472","1.2488","1.2390","","-0.32%"
"01/30/2004","1.2469","1.2415","1.2495","1.2349","","0.45%"
"01/29/2004","1.2413","1.2481","1.2529","1.2361","","-0.54%"
"01/28/2004","1.2481","1.2642","1.2664","1.2464","","-1.27%"
"01/27/2004","1.2641","1.2468","1.2654","1.2437","","1.34%"
"01/26/2004","1.2474","1.2574","1.2614","1.2459","","-0.91%"
"01/23/2004","1.2588","1.2715","1.2778","1.2567","","-0.98%"
"01/22/2004","1.2712","1.2631","1.2754","1.2631","","0.66%"
"01/21/2004","1.2629","1.2578","1.2675","1.2550","","0.39%"
"01/20/2004","1.2580","1.2355","1.2599","1.2342","","1.80%"
"01/19/2004","1.2357","1.2361","1.2424","1.2332","","-0.24%"
"01/16/2004","1.2387","1.2576","1.2609","1.2351","","-1.52%"
"01/15/2004","1.2578","1.2647","1.2675","1.2561","","-0.52%"
"01/14/2004","1.2644","1.2773","1.2791","1.2628","","-0.96%"
"01/13/2004","1.2767","1.2755","1.2799","1.2713","","0.17%"
"01/12/2004","1.2745","1.2847","1.2901","1.2736","","-0.67%"
"01/09/2004","1.2831","1.2759","1.2871","1.2701","","0.53%"
"01/08/2004","1.2763","1.2632","1.2782","1.2561","","0.98%"
"01/07/2004","1.2639","1.2733","1.2745","1.2633","","-0.72%"
"01/06/2004","1.2731","1.2664","1.2814","1.2664","","0.54%"
"01/05/2004","1.2662","1.2584","1.2697","1.2583","","0.60%"
"01/02/2004","1.2587","1.2543","1.2632","1.2523","","0.39%"
"01/01/2004","1.2538","1.2550","1.2624","1.2475","","-0.40%"
"12/31/2003","1.2588","1.2547","1.2649","1.2512","","0.29%"
"12/30/2003","1.2551","1.2486","1.2565","1.2478","","0.54%"
"12/29/2003","1.2484","1.2434","1.2513","1.2425","","0.43%"
"12/26/2003","1.2430","1.2455","1.2471","1.2425","","-0.16%"
"12/25/2003","1.2450","1.2449","1.2464","1.2442","","-0.03%"
"12/24/2003","1.2454","1.2401","1.2473","1.2392","","0.53%"
"12/23/2003","1.2388","1.2398","1.2429","1.2386","","-0.02%"
"12/22/2003","1.2391","1.2403","1.2450","1.2349","","0.13%"
"12/19/2003","1.2375","1.2423","1.2434","1.2341","","-0.48%"
"12/18/2003","1.2435","1.2411","1.2441","1.2357","","0.26%"
"12/17/2003","1.2403","1.2324","1.2424","1.2293","","0.65%"
"12/16/2003","1.2323","1.2308","1.2363","1.2300","","0.17%"
"12/15/2003","1.2302","1.2142","1.2325","1.2130","","0.11%"
"12/12/2003","1.2288","1.2221","1.2308","1.2208","","0.65%"
"12/11/2003","1.2209","1.2222","1.2237","1.2111","","-0.11%"
"12/10/2003","1.2223","1.2260","1.2268","1.2152","","-0.33%"
"12/09/2003","1.2263","1.2217","1.2277","1.2184","","0.34%"
"12/08/2003","1.2222","1.2172","1.2241","1.2151","","0.48%"
"12/05/2003","1.2164","1.2085","1.2180","1.2063","","0.61%"
"12/04/2003","1.2090","1.2109","1.2159","1.2031","","-0.12%"
"12/03/2003","1.2104","1.2081","1.2130","1.2063","","0.14%"
"12/02/2003","1.2087","1.1974","1.2093","1.1942","","1.03%"
"12/01/2003","1.1964","1.1978","1.2045","1.1938","","-0.25%"
"11/28/2003","1.1994","1.1908","1.2017","1.1898","","0.73%"
"11/27/2003","1.1907","1.1938","1.1944","1.1887","","-0.29%"
"11/26/2003","1.1942","1.1785","1.1949","1.1770","","1.32%"
"11/25/2003","1.1786","1.1767","1.1820","1.1753","","0.15%"
"11/24/2003","1.1768","1.1909","1.1918","1.1755","","-1.22%"
"11/21/2003","1.1913","1.1909","1.1942","1.1858","","0.00%"
"11/20/2003","1.1913","1.1879","1.1972","1.1873","","0.24%"
"11/19/2003","1.1885","1.1970","1.1980","1.1876","","-0.64%"
"11/18/2003","1.1961","1.1746","1.1962","1.1734","","1.81%"
"11/17/2003","1.1748","1.1787","1.1850","1.1726","","-0.27%"
"11/14/2003","1.1780","1.1727","1.1804","1.1726","","0.44%"
"11/13/2003","1.1728","1.1631","1.1739","1.1627","","0.78%"
"11/12/2003","1.1637","1.1515","1.1662","1.1505","","1.11%"
"11/11/2003","1.1509","1.1473","1.1532","1.1446","","0.22%"
"11/10/2003","1.1484","1.1507","1.1538","1.1467","","-0.44%"
"11/07/2003","1.1535","1.1412","1.1545","1.1377","","1.08%"
"11/06/2003","1.1412","1.1436","1.1466","1.1389","","-0.24%"
"11/05/2003","1.1440","1.1495","1.1500","1.1412","","-0.55%"
"11/04/2003","1.1503","1.1462","1.1516","1.1426","","0.34%"
"11/03/2003","1.1464","1.1581","1.1621","1.1429","","-1.04%"
"10/31/2003","1.1584","1.1628","1.1661","1.1563","","-0.39%"
"10/30/2003","1.1629","1.1662","1.1759","1.1620","","-0.31%"
"10/29/2003","1.1665","1.1666","1.1723","1.1661","","0.00%"
"10/28/2003","1.1665","1.1745","1.1751","1.1656","","-0.70%"
"10/27/2003","1.1747","1.1776","1.1786","1.1719","","-0.31%"
"10/24/2003","1.1783","1.1798","1.1860","1.1762","","-0.33%"
"10/23/2003","1.1822","1.1797","1.1829","1.1793","","0.14%"
"10/22/2003","1.1806","1.1671","1.1830","1.1651","","1.16%"
"10/21/2003","1.1671","1.1625","1.1702","1.1616","","0.34%"
"10/20/2003","1.1631","1.1712","1.1716","1.1604","","-0.45%"
"10/17/2003","1.1684","1.1598","1.1687","1.1549","","0.77%"
"10/16/2003","1.1595","1.1618","1.1700","1.1566","","-0.31%"
"10/15/2003","1.1631","1.1738","1.1752","1.1590","","-0.92%"
"10/14/2003","1.1739","1.1714","1.1770","1.1583","","0.26%"
"10/13/2003","1.1709","1.1810","1.1816","1.1652","","-0.76%"
"10/10/2003","1.1799","1.1746","1.1852","1.1702","","0.47%"
"10/09/2003","1.1744","1.1821","1.1863","1.1687","","-0.58%"
"10/08/2003","1.1812","1.1772","1.1841","1.1768","","0.37%"
"10/07/2003","1.1769","1.1719","1.1815","1.1700","","0.50%"
"10/06/2003","1.1711","1.1574","1.1725","1.1533","","1.14%"
"10/03/2003","1.1579","1.1684","1.1724","1.1552","","-0.97%"
"10/02/2003","1.1693","1.1730","1.1771","1.1662","","-0.20%"
"10/01/2003","1.1716","1.1662","1.1733","1.1643","","0.48%"
"09/30/2003","1.1660","1.1596","1.1739","1.1573","","0.58%"
"09/29/2003","1.1593","1.1460","1.1604","1.1395","","1.04%"
"09/26/2003","1.1474","1.1479","1.1503","1.1441","","-0.11%"
"09/25/2003","1.1487","1.1487","1.1537","1.1457","","-0.07%"
"09/24/2003","1.1495","1.1435","1.1505","1.1427","","0.42%"
"09/23/2003","1.1447","1.1465","1.1533","1.1440","","-0.17%"
"09/22/2003","1.1467","1.1448","1.1505","1.1414","","0.76%"
"09/19/2003","1.1381","1.1244","1.1384","1.1238","","1.18%"
"09/18/2003","1.1248","1.1286","1.1349","1.1229","","-0.35%"
"09/17/2003","1.1287","1.1172","1.1303","1.1138","","0.97%"
"09/16/2003","1.1179","1.1285","1.1320","1.1157","","-0.97%"
"09/15/2003","1.1288","1.1271","1.1313","1.1241","","-0.03%"
"09/12/2003","1.1291","1.1204","1.1327","1.1136","","0.73%"
"09/11/2003","1.1209","1.1206","1.1277","1.1155","","-0.03%"
"09/10/2003","1.1212","1.1227","1.1239","1.1161","","-0.14%"
"09/09/2003","1.1228","1.1069","1.1243","1.1053","","1.44%"
"09/08/2003","1.1069","1.1098","1.1132","1.1048","","-0.34%"
"09/05/2003","1.1107","1.0941","1.1140","1.0915","","1.48%"
"09/04/2003","1.0945","1.0840","1.0949","1.0808","","0.91%"
"09/03/2003","1.0846","1.0806","1.0875","1.0763","","0.33%"
"09/02/2003","1.0810","1.0968","1.0968","1.0804","","-1.44%"
"09/01/2003","1.0968","1.0987","1.1018","1.0953","","-0.11%"
"08/29/2003","1.0980","1.0884","1.1003","1.0872","","0.87%"
"08/28/2003","1.0885","1.0874","1.0914","1.0809","","0.05%"
"08/27/2003","1.0880","1.0865","1.0936","1.0833","","0.22%"
"08/26/2003","1.0856","1.0858","1.0912","1.0792","","-0.07%"
"08/25/2003","1.0864","1.0871","1.0922","1.0848","","-0.21%"
"08/22/2003","1.0887","1.0925","1.0950","1.0836","","-0.34%"
"08/21/2003","1.0924","1.1119","1.1122","1.0892","","-1.74%"
"08/20/2003","1.1117","1.1142","1.1149","1.1080","","-0.24%"
"08/19/2003","1.1144","1.1147","1.1152","1.1055","","-0.04%"
"08/18/2003","1.1149","1.1262","1.1271","1.1125","","-0.98%"
"08/15/2003","1.1259","1.1279","1.1291","1.1241","","-0.22%"
"08/14/2003","1.1284","1.1319","1.1343","1.1227","","-0.33%"
"08/13/2003","1.1321","1.1277","1.1335","1.1219","","0.36%"
"08/12/2003","1.1280","1.1361","1.1376","1.1278","","-0.74%"
"08/11/2003","1.1364","1.1307","1.1385","1.1263","","0.50%"
"08/08/2003","1.1308","1.1377","1.1381","1.1287","","-0.64%"
"08/07/2003","1.1381","1.1335","1.1420","1.1319","","0.41%"
"08/06/2003","1.1335","1.1393","1.1430","1.1325","","-0.54%"
"08/05/2003","1.1397","1.1355","1.1403","1.1307","","0.36%"
"08/04/2003","1.1356","1.1278","1.1379","1.1261","","0.73%"
"08/01/2003","1.1274","1.1229","1.1280","1.1133","","0.38%"
"07/31/2003","1.1231","1.1357","1.1365","1.1224","","-1.15%"
"07/30/2003","1.1362","1.1442","1.1453","1.1337","","-0.62%"
"07/29/2003","1.1433","1.1488","1.1542","1.1431","","-0.48%"
"07/28/2003","1.1488","1.1494","1.1521","1.1452","","-0.21%"
"07/25/2003","1.1512","1.1472","1.1553","1.1443","","0.32%"
"07/24/2003","1.1475","1.1484","1.1513","1.1423","","-0.12%"
"07/23/2003","1.1489","1.1329","1.1491","1.1316","","1.42%"
"07/22/2003","1.1328","1.1345","1.1374","1.1307","","-0.11%"
"07/21/2003","1.1341","1.1250","1.1360","1.1245","","0.63%"
"07/18/2003","1.1270","1.1212","1.1309","1.1171","","0.55%"
"07/17/2003","1.1208","1.1221","1.1252","1.1157","","-0.11%"
"07/16/2003","1.1220","1.1178","1.1235","1.1112","","0.39%"
"07/15/2003","1.1176","1.1281","1.1340","1.1157","","-0.93%"
"07/14/2003","1.1281","1.1290","1.1311","1.1243","","-0.06%"
"07/11/2003","1.1288","1.1381","1.1387","1.1273","","-0.78%"
"07/10/2003","1.1377","1.1355","1.1394","1.1310","","0.25%"
"07/09/2003","1.1349","1.1316","1.1369","1.1306","","0.25%"
"07/08/2003","1.1321","1.1316","1.1355","1.1255","","0.04%"
"07/07/2003","1.1317","1.1479","1.1483","1.1313","","-1.53%"
"07/04/2003","1.1493","1.1502","1.1502","1.1448","","-0.03%"
"07/03/2003","1.1497","1.1531","1.1542","1.1432","","-0.36%"
"07/02/2003","1.1538","1.1563","1.1572","1.1505","","-0.22%"
"07/01/2003","1.1563","1.1526","1.1613","1.1508","","0.45%"
"06/30/2003","1.1511","1.1429","1.1517","1.1397","","0.65%"
"06/27/2003","1.1437","1.1420","1.1472","1.1400","","0.12%"
"06/26/2003","1.1423","1.1532","1.1543","1.1414","","-0.95%"
"06/25/2003","1.1533","1.1515","1.1626","1.1495","","0.19%"
"06/24/2003","1.1511","1.1555","1.1585","1.1477","","-0.43%"
"06/23/2003","1.1561","1.1578","1.1608","1.1506","","-0.42%"
"06/20/2003","1.1610","1.1721","1.1735","1.1552","","-0.95%"
"06/19/2003","1.1721","1.1684","1.1742","1.1585","","0.23%"
"06/18/2003","1.1694","1.1782","1.1804","1.1664","","-0.77%"
"06/17/2003","1.1785","1.1823","1.1869","1.1767","","-0.35%"
"06/16/2003","1.1826","1.1877","1.1934","1.1820","","-0.31%"
"06/13/2003","1.1863","1.1764","1.1880","1.1736","","0.82%"
"06/12/2003","1.1767","1.1755","1.1810","1.1703","","0.12%"
"06/11/2003","1.1753","1.1670","1.1785","1.1661","","0.69%"
"06/10/2003","1.1673","1.1719","1.1743","1.1668","","-0.35%"
"06/09/2003","1.1714","1.1713","1.1791","1.1659","","0.12%"
"06/06/2003","1.1700","1.1842","1.1882","1.1685","","-1.21%"
"06/05/2003","1.1843","1.1643","1.1891","1.1628","","1.72%"
"06/04/2003","1.1643","1.1735","1.1752","1.1636","","-0.73%"
"06/03/2003","1.1729","1.1760","1.1783","1.1687","","-0.31%"
"06/02/2003","1.1765","1.1714","1.1771","1.1653","","-0.19%"
"05/30/2003","1.1787","1.1902","1.1918","1.1739","","-0.95%"
"05/29/2003","1.1900","1.1754","1.1909","1.1692","","1.14%"
"05/28/2003","1.1766","1.1816","1.1850","1.1707","","-0.39%"
"05/27/2003","1.1812","1.1864","1.1934","1.1812","","-0.53%"
"05/26/2003","1.1875","1.1836","1.1880","1.1801","","0.31%"
"05/23/2003","1.1838","1.1696","1.1840","1.1667","","1.21%"
"05/22/2003","1.1697","1.1641","1.1732","1.1619","","0.52%"
"05/21/2003","1.1636","1.1712","1.1747","1.1633","","-0.67%"
"05/20/2003","1.1715","1.1643","1.1717","1.1610","","0.51%"
"05/19/2003","1.1655","1.1673","1.1741","1.1623","","0.54%"
"05/16/2003","1.1592","1.1376","1.1595","1.1370","","1.84%"
"05/15/2003","1.1383","1.1479","1.1489","1.1377","","-0.90%"
"05/14/2003","1.1486","1.1536","1.1538","1.1467","","-0.31%"
"05/13/2003","1.1522","1.1562","1.1569","1.1463","","-0.35%"
"05/12/2003","1.1563","1.1532","1.1626","1.1524","","0.66%"
"05/09/2003","1.1487","1.1480","1.1538","1.1437","","0.06%"
"05/08/2003","1.1480","1.1356","1.1512","1.1309","","1.08%"
"05/07/2003","1.1357","1.1439","1.1440","1.1329","","-0.73%"
"05/06/2003","1.1441","1.1291","1.1456","1.1277","","1.32%"
"05/05/2003","1.1292","1.1228","1.1305","1.1205","","0.54%"
"05/02/2003","1.1231","1.1239","1.1274","1.1189","","-0.02%"
"05/01/2003","1.1233","1.1183","1.1290","1.1151","","0.45%"
"04/30/2003","1.1183","1.1075","1.1189","1.1063","","0.97%"
"04/29/2003","1.1076","1.0987","1.1088","1.0933","","0.82%"
"04/28/2003","1.0986","1.1037","1.1081","1.0977","","-0.44%"
"04/25/2003","1.1034","1.1033","1.1054","1.0960","","0.01%"
"04/24/2003","1.1033","1.0957","1.1050","1.0945","","0.63%"
"04/23/2003","1.0964","1.0972","1.0985","1.0920","","-0.07%"
"04/22/2003","1.0972","1.0864","1.1005","1.0848","","0.91%"
"04/21/2003","1.0873","1.0896","1.0909","1.0821","","-0.01%"
"04/18/2003","1.0874","1.0885","1.0900","1.0868","","0.01%"
"04/17/2003","1.0873","1.0909","1.0966","1.0867","","-0.36%"
"04/16/2003","1.0912","1.0802","1.0922","1.0783","","1.07%"
"04/15/2003","1.0797","1.0773","1.0822","1.0733","","0.22%"
"04/14/2003","1.0773","1.0748","1.0813","1.0715","","0.24%"
"04/11/2003","1.0747","1.0789","1.0789","1.0692","","-0.39%"
"04/10/2003","1.0789","1.0772","1.0833","1.0758","","0.14%"
"04/09/2003","1.0774","1.0718","1.0785","1.0673","","0.57%"
"04/08/2003","1.0713","1.0690","1.0726","1.0642","","0.18%"
"04/07/2003","1.0694","1.0668","1.0703","1.0560","","-0.34%"
"04/04/2003","1.0730","1.0760","1.0768","1.0684","","-0.25%"
"04/03/2003","1.0757","1.0770","1.0792","1.0683","","-0.10%"
"04/02/2003","1.0768","1.0913","1.0955","1.0751","","-1.32%"
"04/01/2003","1.0912","1.0923","1.0929","1.0865","","-0.11%"
"03/31/2003","1.0924","1.0798","1.0929","1.0781","","1.32%"
"03/28/2003","1.0782","1.0696","1.0804","1.0668","","0.83%"
"03/27/2003","1.0693","1.0692","1.0747","1.0674","","0.07%"
"03/26/2003","1.0686","1.0654","1.0705","1.0621","","0.34%"
"03/25/2003","1.0650","1.0638","1.0724","1.0631","","0.11%"
"03/24/2003","1.0638","1.0606","1.0677","1.0566","","0.99%"
"03/21/2003","1.0534","1.0614","1.0619","1.0501","","-0.84%"
"03/20/2003","1.0623","1.0560","1.0672","1.0533","","0.62%"
"03/19/2003","1.0558","1.0635","1.0656","1.0551","","-0.71%"
"03/18/2003","1.0633","1.0620","1.0655","1.0540","","0.05%"
"03/17/2003","1.0628","1.0771","1.0846","1.0586","","-1.05%"
"03/14/2003","1.0741","1.0783","1.0823","1.0690","","-0.50%"
"03/13/2003","1.0795","1.0995","1.0998","1.0791","","-1.92%"
"03/12/2003","1.1006","1.1042","1.1058","1.0979","","-0.34%"
"03/11/2003","1.1044","1.1058","1.1086","1.1004","","-0.10%"
"03/10/2003","1.1055","1.1007","1.1069","1.1004","","0.43%"
"03/07/2003","1.1008","1.0974","1.1069","1.0966","","0.35%"
"03/06/2003","1.0970","1.0958","1.1014","1.0926","","0.11%"
"03/05/2003","1.0958","1.0889","1.1006","1.0883","","0.62%"
"03/04/2003","1.0891","1.0894","1.0938","1.0876","","-0.06%"
"03/03/2003","1.0898","1.0777","1.0901","1.0767","","0.93%"
"02/28/2003","1.0798","1.0745","1.0810","1.0732","","0.46%"
"02/27/2003","1.0749","1.0781","1.0838","1.0734","","-0.32%"
"02/26/2003","1.0784","1.0759","1.0813","1.0728","","0.24%"
"02/25/2003","1.0758","1.0795","1.0823","1.0741","","-0.37%"
"02/24/2003","1.0798","1.0727","1.0808","1.0708","","0.28%"
"02/21/2003","1.0768","1.0818","1.0850","1.0751","","-0.44%"
"02/20/2003","1.0816","1.0747","1.0837","1.0742","","0.66%"
"02/19/2003","1.0745","1.0685","1.0768","1.0668","","0.51%"
"02/18/2003","1.0690","1.0726","1.0758","1.0677","","-0.39%"
"02/17/2003","1.0732","1.0764","1.0779","1.0675","","-0.55%"
"02/14/2003","1.0791","1.0828","1.0853","1.0761","","-0.32%"
"02/13/2003","1.0826","1.0707","1.0860","1.0702","","0.97%"
"02/12/2003","1.0722","1.0736","1.0772","1.0703","","-0.13%"
"02/11/2003","1.0736","1.0732","1.0765","1.0664","","-0.01%"
"02/10/2003","1.0737","1.0817","1.0832","1.0726","","-0.81%"
"02/07/2003","1.0825","1.0837","1.0840","1.0730","","0.01%"
"02/06/2003","1.0824","1.0781","1.0866","1.0763","","0.34%"
"02/05/2003","1.0787","1.0889","1.0940","1.0737","","-0.87%"
"02/04/2003","1.0882","1.0789","1.0911","1.0764","","0.96%"
"02/03/2003","1.0779","1.0786","1.0793","1.0692","","0.09%"
"01/31/2003","1.0769","1.0818","1.0836","1.0722","","-0.50%"
"01/30/2003","1.0823","1.0840","1.0848","1.0730","","-0.12%"
"01/29/2003","1.0836","1.0831","1.0902","1.0809","","0.13%"
"01/28/2003","1.0822","1.0855","1.0857","1.0780","","-0.31%"
"01/27/2003","1.0856","1.0838","1.0909","1.0780","","0.32%"
"01/24/2003","1.0821","1.0747","1.0857","1.0739","","0.59%"
"01/23/2003","1.0758","1.0742","1.0780","1.0705","","0.28%"
"01/22/2003","1.0728","1.0730","1.0745","1.0680","","0.04%"
"01/21/2003","1.0724","1.0675","1.0736","1.0629","","0.41%"
"01/20/2003","1.0680","1.0656","1.0696","1.0633","","0.10%"
"01/17/2003","1.0669","1.0614","1.0680","1.0602","","0.47%"
"01/16/2003","1.0619","1.0558","1.0629","1.0543","","0.64%"
"01/15/2003","1.0551","1.0553","1.0595","1.0503","","-0.01%"
"01/14/2003","1.0552","1.0538","1.0601","1.0535","","0.09%"
"01/13/2003","1.0542","1.0580","1.0585","1.0525","","-0.32%"
"01/10/2003","1.0576","1.0487","1.0587","1.0472","","0.86%"
"01/09/2003","1.0486","1.0495","1.0541","1.0460","","-0.10%"
"01/08/2003","1.0497","1.0412","1.0537","1.0360","","0.78%"
"01/07/2003","1.0416","1.0463","1.0468","1.0394","","-0.51%"
"01/06/2003","1.0469","1.0417","1.0497","1.0414","","0.44%"
"01/03/2003","1.0423","1.0359","1.0438","1.0336","","0.59%"
"01/02/2003","1.0362","1.0492","1.0498","1.0334","","-1.24%"
"01/01/2003","1.0492","1.0494","1.0502","1.0492","","-0.09%"
"12/31/2002","1.0501","1.0490","1.0507","1.0454","","0.12%"
"12/30/2002","1.0488","1.0427","1.0488","1.0402","","0.48%"
"12/27/2002","1.0438","1.0376","1.0445","1.0359","","0.57%"
"12/26/2002","1.0379","1.0312","1.0379","1.0312","","0.54%"
"12/25/2002","1.0323","1.0300","1.0327","1.0270","","0.22%"
"12/24/2002","1.0300","1.0262","1.0327","1.0252","","0.34%"
"12/23/2002","1.0265","1.0273","1.0318","1.0215","","-0.04%"
"12/20/2002","1.0269","1.0276","1.0278","1.0242","","-0.04%"
"12/19/2002","1.0273","1.0270","1.0292","1.0204","","0.06%"
"12/18/2002","1.0267","1.0283","1.0288","1.0225","","-0.19%"
"12/17/2002","1.0287","1.0229","1.0335","1.0209","","0.63%"
"12/16/2002","1.0223","1.0236","1.0250","1.0191","","-0.11%"
"12/13/2002","1.0234","1.0189","1.0261","1.0162","","0.46%"
"12/12/2002","1.0187","1.0088","1.0198","1.0072","","1.02%"
"12/11/2002","1.0084","1.0078","1.0103","1.0059","","-0.02%"
"12/10/2002","1.0086","1.0105","1.0141","1.0069","","-0.21%"
"12/09/2002","1.0107","1.0101","1.0120","1.0067","","0.08%"
"12/06/2002","1.0099","1.0008","1.0131","0.9995","","0.92%"
"12/05/2002","1.0007","1.0009","1.0026","0.9969","","0.01%"
"12/04/2002","1.0006","0.9966","1.0033","0.9964","","0.42%"
"12/03/2002","0.9964","0.9976","1.0006","0.9948","","-0.05%"
"12/02/2002","0.9969","0.9945","0.9985","0.9857","","0.23%"
"11/29/2002","0.9946","0.9939","0.9958","0.9912","","0.02%"
"11/28/2002","0.9944","0.9907","0.9963","0.9892","","0.40%"
"11/27/2002","0.9904","0.9938","0.9942","0.9873","","-0.32%"
"11/26/2002","0.9936","0.9922","0.9937","0.9893","","0.20%"
"11/25/2002","0.9916","0.9968","0.9972","0.9891","","-0.54%"
"11/22/2002","0.9970","1.0023","1.0040","0.9961","","-0.51%"
"11/21/2002","1.0021","1.0017","1.0045","0.9976","","0.08%"
"11/20/2002","1.0013","1.0040","1.0046","0.9989","","-0.19%"
"11/19/2002","1.0032","1.0088","1.0145","1.0009","","-0.54%"
"11/18/2002","1.0086","1.0091","1.0123","1.0060","","-0.09%"
"11/15/2002","1.0095","1.0045","1.0101","1.0011","","0.50%"
"11/14/2002","1.0045","1.0084","1.0103","1.0029","","-0.36%"
"11/13/2002","1.0081","1.0130","1.0133","1.0044","","-0.43%"
"11/12/2002","1.0125","1.0111","1.0140","1.0068","","0.20%"
"11/11/2002","1.0105","1.0124","1.0172","1.0091","","-0.25%"
"11/08/2002","1.0130","1.0095","1.0151","1.0074","","0.36%"
"11/07/2002","1.0094","1.0040","1.0102","0.9988","","0.69%"
"11/06/2002","1.0025","1.0000","1.0050","0.9938","","0.27%"
"11/05/2002","0.9998","0.9980","1.0046","0.9965","","0.18%"
"11/04/2002","0.9980","0.9960","0.9980","0.9925","","0.11%"
"11/01/2002","0.9969","0.9909","1.0006","0.9886","","0.63%"
"10/31/2002","0.9907","0.9839","0.9909","0.9831","","0.70%"
"10/30/2002","0.9838","0.9828","0.9854","0.9814","","0.04%"
"10/29/2002","0.9834","0.9844","0.9868","0.9802","","-0.14%"
"10/28/2002","0.9848","0.9764","0.9849","0.9723","","0.92%"
"10/25/2002","0.9758","0.9777","0.9796","0.9750","","-0.21%"
"10/24/2002","0.9779","0.9753","0.9786","0.9721","","0.24%"
"10/23/2002","0.9756","0.9777","0.9799","0.9745","","-0.26%"
"10/22/2002","0.9781","0.9738","0.9806","0.9719","","0.48%"
"10/21/2002","0.9734","0.9721","0.9768","0.9688","","0.15%"
"10/18/2002","0.9719","0.9718","0.9743","0.9696","","0.12%"
"10/17/2002","0.9707","0.9809","0.9815","0.9697","","-1.03%"
"10/16/2002","0.9808","0.9813","0.9836","0.9798","","-0.10%"
"10/15/2002","0.9818","0.9873","0.9887","0.9789","","-0.56%"
"10/14/2002","0.9873","0.9879","0.9894","0.9850","","-0.03%"
"10/11/2002","0.9876","0.9867","0.9885","0.9834","","0.13%"
"10/10/2002","0.9863","0.9907","0.9929","0.9847","","-0.33%"
"10/09/2002","0.9896","0.9792","0.9914","0.9777","","1.11%"
"10/08/2002","0.9787","0.9823","0.9845","0.9763","","-0.45%"
"10/07/2002","0.9831","0.9789","0.9841","0.9778","","0.38%"
"10/04/2002","0.9794","0.9878","0.9890","0.9782","","-0.91%"
"10/03/2002","0.9884","0.9864","0.9911","0.9855","","0.17%"
"10/02/2002","0.9867","0.9830","0.9871","0.9808","","0.38%"
"10/01/2002","0.9830","0.9870","0.9897","0.9824","","-0.39%"
"09/30/2002","0.9868","0.9810","0.9901","0.9801","","0.61%"
"09/27/2002","0.9808","0.9770","0.9813","0.9742","","0.39%"
"09/26/2002","0.9770","0.9768","0.9814","0.9729","","0.05%"
"09/25/2002","0.9765","0.9823","0.9862","0.9755","","-0.55%"
"09/24/2002","0.9819","0.9780","0.9839","0.9757","","0.38%"
"09/23/2002","0.9782","0.9810","0.9864","0.9750","","-0.43%"
"09/20/2002","0.9824","0.9869","0.9878","0.9782","","-0.47%"
"09/19/2002","0.9870","0.9772","0.9872","0.9759","","0.90%"
"09/18/2002","0.9782","0.9738","0.9799","0.9658","","0.38%"
"09/17/2002","0.9745","0.9690","0.9749","0.9603","","0.59%"
"09/16/2002","0.9688","0.9702","0.9731","0.9659","","-0.26%"
"09/13/2002","0.9713","0.9814","0.9844","0.9705","","-1.03%"
"09/12/2002","0.9814","0.9764","0.9831","0.9739","","0.56%"
"09/11/2002","0.9759","0.9748","0.9776","0.9696","","0.08%"
"09/10/2002","0.9751","0.9793","0.9839","0.9721","","-0.47%"
"09/09/2002","0.9797","0.9818","0.9835","0.9783","","-0.14%"
"09/06/2002","0.9811","0.9910","0.9958","0.9806","","-1.01%"
"09/05/2002","0.9911","0.9923","0.9996","0.9887","","-0.08%"
"09/04/2002","0.9919","0.9968","0.9977","0.9905","","-0.55%"
"09/03/2002","0.9974","0.9835","0.9976","0.9829","","1.31%"
"09/02/2002","0.9845","0.9815","0.9858","0.9795","","0.25%"
"08/30/2002","0.9820","0.9839","0.9865","0.9792","","-0.26%"
"08/29/2002","0.9846","0.9783","0.9889","0.9770","","0.61%"
"08/28/2002","0.9786","0.9818","0.9835","0.9784","","-0.44%"
"08/27/2002","0.9829","0.9710","0.9840","0.9700","","1.12%"
"08/26/2002","0.9720","0.9723","0.9744","0.9683","","-0.05%"
"08/23/2002","0.9725","0.9694","0.9737","0.9666","","0.33%"
"08/22/2002","0.9693","0.9801","0.9808","0.9672","","-1.21%"
"08/21/2002","0.9812","0.9786","0.9851","0.9754","","0.28%"
"08/20/2002","0.9785","0.9773","0.9813","0.9731","","0.18%"
"08/19/2002","0.9767","0.9847","0.9871","0.9749","","-0.78%"
"08/16/2002","0.9844","0.9820","0.9872","0.9785","","0.26%"
"08/15/2002","0.9818","0.9769","0.9852","0.9748","","0.29%"
"08/14/2002","0.9790","0.9847","0.9895","0.9779","","-0.54%"
"08/13/2002","0.9843","0.9787","0.9847","0.9753","","0.51%"
"08/12/2002","0.9793","0.9704","0.9804","0.9689","","0.97%"
"08/09/2002","0.9699","0.9671","0.9744","0.9653","","0.27%"
"08/08/2002","0.9673","0.9739","0.9774","0.9639","","-0.78%"
"08/07/2002","0.9749","0.9663","0.9767","0.9641","","0.90%"
"08/06/2002","0.9662","0.9810","0.9811","0.9623","","-1.44%"
"08/05/2002","0.9803","0.9872","0.9880","0.9798","","-0.69%"
"08/02/2002","0.9871","0.9847","0.9923","0.9834","","0.28%"
"08/01/2002","0.9843","0.9767","0.9863","0.9726","","0.70%"
"07/31/2002","0.9775","0.9832","0.9858","0.9760","","-0.51%"
"07/30/2002","0.9825","0.9814","0.9897","0.9780","","0.12%"
"07/29/2002","0.9813","0.9871","0.9890","0.9768","","-0.47%"
"07/26/2002","0.9859","1.0044","1.0072","0.9857","","-1.93%"
"07/25/2002","1.0053","0.9951","1.0063","0.9937","","0.98%"
"07/24/2002","0.9955","0.9896","0.9986","0.9872","","0.58%"
"07/23/2002","0.9898","1.0080","1.0086","0.9847","","-1.83%"
"07/22/2002","1.0083","1.0118","1.0136","1.0055","","-0.33%"
"07/19/2002","1.0116","1.0120","1.0212","1.0103","","-0.02%"
"07/18/2002","1.0118","1.0072","1.0118","1.0036","","0.46%"
"07/17/2002","1.0072","1.0124","1.0164","1.0030","","-0.43%"
"07/16/2002","1.0116","1.0030","1.0149","1.0027","","0.86%"
"07/15/2002","1.0030","0.9917","1.0095","0.9915","","1.20%"
"07/12/2002","0.9911","0.9879","0.9925","0.9850","","0.28%"
"07/11/2002","0.9883","0.9889","0.9942","0.9831","","-0.11%"
"07/10/2002","0.9894","0.9933","0.9974","0.9860","","-0.37%"
"07/09/2002","0.9931","0.9913","0.9957","0.9874","","0.18%"
"07/08/2002","0.9913","0.9746","0.9917","0.9739","","1.95%"
"07/05/2002","0.9723","0.9791","0.9791","0.9716","","-0.69%"
"07/04/2002","0.9791","0.9800","0.9821","0.9747","","-0.17%"
"07/03/2002","0.9808","0.9867","0.9868","0.9767","","-0.58%"
"07/02/2002","0.9865","0.9915","0.9922","0.9796","","-0.55%"
"07/01/2002","0.9920","0.9915","0.9981","0.9858","","0.02%"
"06/28/2002","0.9918","0.9875","0.9992","0.9835","","0.40%"
"06/27/2002","0.9878","0.9817","0.9901","0.9808","","0.64%"
"06/26/2002","0.9815","0.9796","0.9946","0.9785","","0.15%"
"06/25/2002","0.9800","0.9707","0.9805","0.9661","","0.97%"
"06/24/2002","0.9706","0.9700","0.9821","0.9680","","-0.02%"
"06/21/2002","0.9708","0.9644","0.9724","0.9626","","0.61%"
"06/20/2002","0.9649","0.9576","0.9670","0.9556","","0.75%"
"06/19/2002","0.9577","0.9523","0.9582","0.9512","","0.58%"
"06/18/2002","0.9522","0.9434","0.9524","0.9434","","0.80%"
"06/17/2002","0.9446","0.9440","0.9471","0.9410","","-0.16%"
"06/14/2002","0.9461","0.9429","0.9528","0.9415","","0.31%"
"06/13/2002","0.9432","0.9433","0.9480","0.9395","","-0.03%"
"06/12/2002","0.9435","0.9485","0.9511","0.9427","","-0.52%"
"06/11/2002","0.9484","0.9445","0.9499","0.9403","","0.44%"
"06/10/2002","0.9442","0.9433","0.9490","0.9390","","0.04%"
"06/07/2002","0.9438","0.9475","0.9495","0.9428","","-0.39%"
"06/06/2002","0.9475","0.9395","0.9483","0.9334","","0.89%"
"06/05/2002","0.9391","0.9391","0.9421","0.9351","","-0.03%"
"06/04/2002","0.9394","0.9406","0.9455","0.9384","","-0.20%"
"06/03/2002","0.9413","0.9330","0.9417","0.9303","","0.79%"
"05/31/2002","0.9339","0.9372","0.9406","0.9284","","-0.35%"
"05/30/2002","0.9372","0.9345","0.9421","0.9343","","0.26%"
"05/29/2002","0.9348","0.9287","0.9379","0.9270","","0.71%"
"05/28/2002","0.9282","0.9212","0.9314","0.9198","","0.79%"
"05/27/2002","0.9209","0.9211","0.9226","0.9185","","0.07%"
"05/24/2002","0.9203","0.9216","0.9237","0.9161","","-0.09%"
"05/23/2002","0.9211","0.9258","0.9274","0.9182","","-0.50%"
"05/22/2002","0.9257","0.9189","0.9282","0.9174","","0.60%"
"05/21/2002","0.9202","0.9208","0.9225","0.9159","","-0.12%"
"05/20/2002","0.9213","0.9205","0.9236","0.9178","","0.09%"
"05/17/2002","0.9205","0.9117","0.9221","0.9112","","1.00%"
"05/16/2002","0.9114","0.9122","0.9145","0.9083","","-0.12%"
"05/15/2002","0.9125","0.9026","0.9127","0.8992","","1.10%"
"05/14/2002","0.9026","0.9119","0.9121","0.9009","","-0.99%"
"05/13/2002","0.9116","0.9135","0.9170","0.9092","","-0.26%"
"05/10/2002","0.9140","0.9093","0.9152","0.9083","","0.48%"
"05/09/2002","0.9096","0.9049","0.9116","0.9035","","0.55%"
"05/08/2002","0.9046","0.9143","0.9145","0.9030","","-1.17%"
"05/07/2002","0.9153","0.9182","0.9193","0.9115","","-0.34%"
"05/06/2002","0.9184","0.9163","0.9187","0.9133","","0.12%"
"05/03/2002","0.9173","0.9032","0.9177","0.9020","","1.56%"
"05/02/2002","0.9032","0.9064","0.9078","0.9012","","-0.35%"
"05/01/2002","0.9064","0.9003","0.9088","0.8990","","0.69%"
"04/30/2002","0.9002","0.9032","0.9042","0.8988","","-0.43%"
"04/29/2002","0.9041","0.9014","0.9047","0.9003","","0.26%"
"04/26/2002","0.9018","0.8977","0.9023","0.8958","","0.43%"
"04/25/2002","0.8979","0.8927","0.8995","0.8920","","0.55%"
"04/24/2002","0.8930","0.8888","0.8935","0.8869","","0.48%"
"04/23/2002","0.8887","0.8896","0.8904","0.8856","","-0.07%"
"04/22/2002","0.8893","0.8895","0.8911","0.8865","","-0.33%"
"04/19/2002","0.8922","0.8910","0.8925","0.8878","","0.12%"
"04/18/2002","0.8911","0.8902","0.8922","0.8856","","0.07%"
"04/17/2002","0.8905","0.8824","0.8911","0.8816","","0.90%"
"04/16/2002","0.8826","0.8795","0.8841","0.8786","","0.38%"
"04/15/2002","0.8793","0.8794","0.8825","0.8784","","-0.10%"
"04/12/2002","0.8802","0.8821","0.8828","0.8773","","-0.26%"
"04/11/2002","0.8825","0.8804","0.8849","0.8785","","0.26%"
"04/10/2002","0.8802","0.8810","0.8827","0.8784","","-0.10%"
"04/09/2002","0.8811","0.8749","0.8815","0.8730","","0.74%"
"04/08/2002","0.8746","0.8792","0.8795","0.8736","","-0.50%"
"04/05/2002","0.8790","0.8783","0.8817","0.8770","","0.16%"
"04/04/2002","0.8776","0.8810","0.8859","0.8764","","-0.33%"
"04/03/2002","0.8805","0.8791","0.8833","0.8769","","0.13%"
"04/02/2002","0.8794","0.8805","0.8822","0.8772","","-0.12%"
"04/01/2002","0.8805","0.8713","0.8825","0.8713","","1.00%"
"03/29/2002","0.8718","0.8705","0.8730","0.8701","","0.16%"
"03/28/2002","0.8704","0.8728","0.8743","0.8697","","-0.29%"
"03/27/2002","0.8729","0.8769","0.8772","0.8716","","-0.46%"
"03/26/2002","0.8769","0.8772","0.8799","0.8730","","-0.10%"
"03/25/2002","0.8778","0.8765","0.8785","0.8751","","0.09%"
"03/22/2002","0.8770","0.8823","0.8830","0.8742","","-0.59%"
"03/21/2002","0.8822","0.8856","0.8864","0.8805","","-0.35%"
"03/20/2002","0.8853","0.8824","0.8861","0.8780","","0.31%"
"03/19/2002","0.8826","0.8829","0.8850","0.8794","","0.00%"
"03/18/2002","0.8826","0.8818","0.8833","0.8780","","0.02%"
"03/15/2002","0.8824","0.8823","0.8872","0.8807","","-0.07%"
"03/14/2002","0.8830","0.8758","0.8846","0.8751","","0.76%"
"03/13/2002","0.8763","0.8762","0.8786","0.8723","","0.06%"
"03/12/2002","0.8758","0.8752","0.8769","0.8703","","0.07%"
"03/11/2002","0.8752","0.8736","0.8774","0.8730","","0.15%"
"03/08/2002","0.8739","0.8817","0.8820","0.8721","","-0.96%"
"03/07/2002","0.8824","0.8767","0.8841","0.8738","","0.66%"
"03/06/2002","0.8766","0.8719","0.8777","0.8689","","0.46%"
"03/05/2002","0.8726","0.8699","0.8729","0.8648","","0.34%"
"03/04/2002","0.8696","0.8648","0.8717","0.8629","","0.54%"
"03/01/2002","0.8649","0.8688","0.8697","0.8628","","-0.43%"
"02/28/2002","0.8686","0.8658","0.8698","0.8626","","0.35%"
"02/27/2002","0.8656","0.8639","0.8671","0.8619","","0.21%"
"02/26/2002","0.8638","0.8694","0.8726","0.8616","","-0.61%"
"02/25/2002","0.8691","0.8752","0.8759","0.8686","","-0.75%"
"02/22/2002","0.8757","0.8702","0.8779","0.8676","","0.68%"
"02/21/2002","0.8698","0.8695","0.8722","0.8679","","0.05%"
"02/20/2002","0.8694","0.8770","0.8786","0.8686","","-0.82%"
"02/19/2002","0.8766","0.8706","0.8784","0.8660","","0.65%"
"02/18/2002","0.8709","0.8731","0.8741","0.8698","","-0.29%"
"02/15/2002","0.8734","0.8741","0.8744","0.8691","","-0.06%"
"02/14/2002","0.8739","0.8713","0.8750","0.8679","","0.31%"
"02/13/2002","0.8712","0.8775","0.8777","0.8701","","-0.60%"
"02/12/2002","0.8765","0.8768","0.8802","0.8738","","0.01%"
"02/11/2002","0.8764","0.8704","0.8803","0.8704","","0.33%"
"02/08/2002","0.8735","0.8702","0.8756","0.8697","","0.29%"
"02/07/2002","0.8710","0.8679","0.8720","0.8643","","0.39%"
"02/06/2002","0.8676","0.8670","0.8708","0.8631","","-0.01%"
"02/05/2002","0.8677","0.8706","0.8732","0.8651","","-0.33%"
"02/04/2002","0.8706","0.8619","0.8715","0.8602","","0.99%"
"02/01/2002","0.8621","0.8589","0.8644","0.8562","","0.42%"
"01/31/2002","0.8585","0.8618","0.8650","0.8577","","-0.37%"
"01/30/2002","0.8617","0.8655","0.8676","0.8599","","-0.44%"
"01/29/2002","0.8655","0.8623","0.8660","0.8591","","0.32%"
"01/28/2002","0.8627","0.8650","0.8664","0.8569","","-0.39%"
"01/25/2002","0.8661","0.8779","0.8787","0.8627","","-1.29%"
"01/24/2002","0.8774","0.8784","0.8795","0.8749","","-0.06%"
"01/23/2002","0.8779","0.8863","0.8892","0.8767","","-0.93%"
"01/22/2002","0.8861","0.8837","0.8867","0.8810","","0.26%"
"01/21/2002","0.8838","0.8837","0.8869","0.8824","","-0.06%"
"01/18/2002","0.8843","0.8814","0.8859","0.8789","","0.42%"
"01/17/2002","0.8806","0.8825","0.8853","0.8786","","-0.26%"
"01/16/2002","0.8829","0.8828","0.8847","0.8796","","-0.06%"
"01/15/2002","0.8834","0.8946","0.8947","0.8826","","-1.23%"
"01/14/2002","0.8944","0.8943","0.8956","0.8913","","0.20%"
"01/11/2002","0.8926","0.8914","0.8934","0.8896","","0.13%"
"01/10/2002","0.8914","0.8909","0.8940","0.8898","","0.00%"
"01/09/2002","0.8914","0.8933","0.8953","0.8864","","-0.19%"
"01/08/2002","0.8931","0.8936","0.8938","0.8881","","-0.04%"
"01/07/2002","0.8935","0.8951","0.8998","0.8880","","-0.17%"
"01/04/2002","0.8950","0.8987","0.9003","0.8937","","-0.51%"
"01/03/2002","0.8996","0.9039","0.9062","0.8976","","-0.44%"
"01/02/2002","0.9036","0.8896","0.9069","0.8883","","1.59%"
"01/01/2002","0.8895","0.8909","0.8913","0.8863","","-0.16%"
"12/31/2001","0.8909","0.8842","0.8927","0.8827","","0.83%"
"12/28/2001","0.8836","0.8833","0.8847","0.8788","","0.07%"
"12/27/2001","0.8830","0.8804","0.8872","0.8774","","0.33%"
"12/26/2001","0.8801","0.8791","0.8821","0.8764","","0.39%"
"12/25/2001","0.8767","0.8775","0.8825","0.8764","","-0.11%"
"12/24/2001","0.8777","0.8882","0.8910","0.8739","","-1.16%"
"12/21/2001","0.8880","0.9002","0.9016","0.8856","","-1.41%"
"12/20/2001","0.9007","0.9009","0.9015","0.8961","","0.01%"
"12/19/2001","0.9006","0.9036","0.9039","0.8953","","-0.29%"
"12/18/2001","0.9032","0.9023","0.9045","0.8993","","0.12%"
"12/17/2001","0.9021","0.9039","0.9086","0.9019","","-0.08%"
"12/14/2001","0.9028","0.8933","0.9058","0.8921","","1.14%"
"12/13/2001","0.8926","0.8986","0.8995","0.8920","","-0.60%"
"12/12/2001","0.8980","0.8931","0.8990","0.8921","","0.58%"
"12/11/2001","0.8928","0.8910","0.8931","0.8881","","0.22%"
"12/10/2001","0.8908","0.8901","0.8920","0.8841","","0.13%"
"12/07/2001","0.8896","0.8951","0.8955","0.8882","","-0.60%"
"12/06/2001","0.8950","0.8883","0.8954","0.8863","","0.75%"
"12/05/2001","0.8883","0.8904","0.8943","0.8844","","-0.20%"
"12/04/2001","0.8901","0.8914","0.8925","0.8883","","-0.17%"
"12/03/2001","0.8916","0.8959","0.8971","0.8888","","-0.55%"
"11/30/2001","0.8965","0.8876","0.8984","0.8845","","1.00%"
"11/29/2001","0.8876","0.8880","0.8922","0.8853","","-0.03%"
"11/28/2001","0.8879","0.8838","0.8890","0.8814","","0.51%"
"11/27/2001","0.8834","0.8803","0.8842","0.8767","","0.33%"
"11/26/2001","0.8805","0.8770","0.8835","0.8770","","0.27%"
"11/23/2001","0.8781","0.8781","0.8814","0.8735","","0.05%"
"11/22/2001","0.8777","0.8787","0.8797","0.8757","","-0.16%"
"11/21/2001","0.8791","0.8833","0.8837","0.8752","","-0.44%"
"11/20/2001","0.8830","0.8789","0.8844","0.8779","","0.50%"
"11/19/2001","0.8786","0.8842","0.8854","0.8764","","-0.63%"
"11/16/2001","0.8842","0.8819","0.8867","0.8804","","0.24%"
"11/15/2001","0.8821","0.8827","0.8856","0.8800","","-0.11%"
"11/14/2001","0.8831","0.8802","0.8844","0.8770","","0.24%"
"11/13/2001","0.8810","0.8944","0.8944","0.8790","","-1.50%"
"11/12/2001","0.8944","0.8948","0.9019","0.8912","","0.02%"
"11/09/2001","0.8942","0.8925","0.8952","0.8886","","0.16%"
"11/08/2001","0.8928","0.8980","0.8998","0.8904","","-0.63%"
"11/07/2001","0.8985","0.8946","0.9049","0.8937","","0.38%"
"11/06/2001","0.8951","0.8978","0.8995","0.8942","","-0.33%"
"11/05/2001","0.8981","0.9019","0.9019","0.8942","","-0.47%"
"11/02/2001","0.9023","0.9019","0.9076","0.9006","","-0.04%"
"11/01/2001","0.9027","0.9007","0.9122","0.8992","","0.32%"
"10/31/2001","0.8998","0.9046","0.9080","0.8985","","-0.53%"
"10/30/2001","0.9046","0.9048","0.9103","0.9030","","-0.01%"
"10/29/2001","0.9047","0.8927","0.9053","0.8922","","1.29%"
"10/26/2001","0.8932","0.8924","0.8952","0.8902","","0.09%"
"10/25/2001","0.8924","0.8941","0.8982","0.8879","","-0.19%"
"10/24/2001","0.8941","0.8905","0.8946","0.8894","","0.44%"
"10/23/2001","0.8902","0.8911","0.8930","0.8867","","-0.22%"
"10/22/2001","0.8922","0.8983","0.9004","0.8895","","-0.78%"
"10/19/2001","0.8992","0.9033","0.9036","0.8964","","-0.41%"
"10/18/2001","0.9029","0.9030","0.9058","0.9002","","-0.10%"
"10/17/2001","0.9038","0.9086","0.9095","0.9012","","-0.50%"
"10/16/2001","0.9083","0.9085","0.9114","0.9036","","-0.12%"
"10/15/2001","0.9094","0.9117","0.9139","0.9065","","-0.24%"
"10/12/2001","0.9116","0.9027","0.9127","0.9013","","1.02%"
"10/11/2001","0.9024","0.9108","0.9124","0.8986","","-0.97%"
"10/10/2001","0.9112","0.9130","0.9160","0.9100","","-0.22%"
"10/09/2001","0.9132","0.9208","0.9228","0.9125","","-0.88%"
"10/08/2001","0.9213","0.9183","0.9246","0.9163","","0.30%"
"10/05/2001","0.9185","0.9179","0.9209","0.9155","","0.04%"
"10/04/2001","0.9181","0.9143","0.9187","0.9109","","0.38%"
"10/03/2001","0.9146","0.9183","0.9238","0.9126","","-0.48%"
"10/02/2001","0.9190","0.9172","0.9200","0.9132","","0.16%"
"10/01/2001","0.9175","0.9103","0.9179","0.9059","","0.64%"
"09/28/2001","0.9117","0.9181","0.9183","0.9082","","-0.72%"
"09/27/2001","0.9183","0.9229","0.9234","0.9156","","-0.54%"
"09/26/2001","0.9233","0.9232","0.9245","0.9190","","0.00%"
"09/25/2001","0.9233","0.9167","0.9252","0.9145","","0.69%"
"09/24/2001","0.9170","0.9136","0.9206","0.9103","","0.23%"
"09/21/2001","0.9149","0.9276","0.9277","0.9084","","-1.40%"
"09/20/2001","0.9279","0.9263","0.9296","0.9228","","0.12%"
"09/19/2001","0.9268","0.9270","0.9327","0.9225","","-0.08%"
"09/18/2001","0.9275","0.9249","0.9284","0.9186","","0.34%"
"09/17/2001","0.9244","0.9234","0.9335","0.9171","","0.39%"
"09/14/2001","0.9208","0.9108","0.9250","0.9079","","1.05%"
"09/13/2001","0.9112","0.9072","0.9130","0.9049","","0.47%"
"09/12/2001","0.9069","0.9113","0.9150","0.9006","","-0.81%"
"09/11/2001","0.9143","0.8984","0.9172","0.8950","","1.80%"
"09/10/2001","0.8981","0.9062","0.9081","0.8973","","-1.02%"
"09/07/2001","0.9074","0.8957","0.9077","0.8847","","1.26%"
"09/06/2001","0.8961","0.8866","0.8970","0.8823","","1.17%"
"09/05/2001","0.8857","0.8883","0.8914","0.8844","","-0.33%"
"09/04/2001","0.8886","0.9077","0.9079","0.8842","","-2.05%"
"09/03/2001","0.9072","0.9102","0.9106","0.9055","","-0.57%"
"08/31/2001","0.9124","0.9163","0.9200","0.9061","","-0.45%"
"08/30/2001","0.9165","0.9088","0.9185","0.9058","","0.79%"
"08/29/2001","0.9093","0.9129","0.9150","0.9082","","-0.36%"
"08/28/2001","0.9126","0.9114","0.9130","0.9026","","0.13%"
"08/27/2001","0.9114","0.9133","0.9146","0.9083","","-0.39%"
"08/24/2001","0.9150","0.9147","0.9166","0.9073","","-0.03%"
"08/23/2001","0.9153","0.9125","0.9169","0.9098","","0.08%"
"08/22/2001","0.9146","0.9182","0.9242","0.9135","","-0.35%"
"08/21/2001","0.9178","0.9142","0.9185","0.9076","","0.34%"
"08/20/2001","0.9147","0.9178","0.9204","0.9108","","-0.38%"
"08/17/2001","0.9182","0.9116","0.9185","0.9095","","0.67%"
"08/16/2001","0.9121","0.9138","0.9204","0.9092","","-0.23%"
"08/15/2001","0.9142","0.9025","0.9153","0.9016","","1.22%"
"08/14/2001","0.9032","0.8970","0.9038","0.8933","","0.76%"
"08/13/2001","0.8964","0.8933","0.9011","0.8921","","0.35%"
"08/10/2001","0.8933","0.8922","0.8962","0.8910","","0.10%"
"08/09/2001","0.8924","0.8809","0.8943","0.8800","","1.36%"
"08/08/2001","0.8804","0.8779","0.8811","0.8736","","0.32%"
"08/07/2001","0.8776","0.8814","0.8816","0.8746","","-0.49%"
"08/06/2001","0.8819","0.8832","0.8832","0.8784","","-0.28%"
"08/03/2001","0.8844","0.8834","0.8878","0.8774","","0.05%"
"08/02/2001","0.8840","0.8815","0.8847","0.8784","","0.33%"
"08/01/2001","0.8811","0.8763","0.8833","0.8754","","0.56%"
"07/31/2001","0.8762","0.8741","0.8781","0.8720","","0.19%"
"07/30/2001","0.8745","0.8761","0.8776","0.8720","","-0.36%"
"07/27/2001","0.8777","0.8777","0.8810","0.8723","","-0.05%"
"07/26/2001","0.8781","0.8804","0.8824","0.8745","","-0.31%"
"07/25/2001","0.8808","0.8734","0.8814","0.8714","","0.81%"
"07/24/2001","0.8737","0.8692","0.8774","0.8681","","0.53%"
"07/23/2001","0.8691","0.8705","0.8722","0.8649","","-0.23%"
"07/20/2001","0.8711","0.8719","0.8788","0.8698","","0.00%"
"07/19/2001","0.8711","0.8742","0.8791","0.8673","","-0.30%"
"07/18/2001","0.8737","0.8597","0.8744","0.8565","","1.60%"
"07/17/2001","0.8599","0.8527","0.8610","0.8488","","0.81%"
"07/16/2001","0.8530","0.8541","0.8616","0.8526","","-0.22%"
"07/13/2001","0.8549","0.8538","0.8563","0.8508","","0.18%"
"07/12/2001","0.8534","0.8587","0.8587","0.8504","","-0.74%"
"07/11/2001","0.8598","0.8551","0.8646","0.8532","","0.58%"
"07/10/2001","0.8548","0.8501","0.8578","0.8484","","0.43%"
"07/09/2001","0.8511","0.8469","0.8527","0.8442","","0.42%"
"07/06/2001","0.8475","0.8371","0.8481","0.8347","","1.13%"
"07/05/2001","0.8380","0.8463","0.8481","0.8357","","-1.03%"
"07/04/2001","0.8467","0.8480","0.8504","0.8428","","-0.22%"
"07/03/2001","0.8486","0.8481","0.8509","0.8451","","0.02%"
"07/02/2001","0.8484","0.8506","0.8506","0.8436","","-0.19%"
"06/29/2001","0.8500","0.8441","0.8503","0.8430","","0.73%"
"06/28/2001","0.8438","0.8587","0.8615","0.8430","","-1.79%"
"06/27/2001","0.8592","0.8640","0.8662","0.8587","","-0.53%"
"06/26/2001","0.8638","0.8591","0.8653","0.8584","","0.58%"
"06/25/2001","0.8588","0.8568","0.8628","0.8562","","0.17%"
"06/22/2001","0.8573","0.8542","0.8578","0.8504","","0.35%"
"06/21/2001","0.8543","0.8556","0.8593","0.8513","","-0.05%"
"06/20/2001","0.8547","0.8538","0.8558","0.8494","","0.09%"
"06/19/2001","0.8539","0.8608","0.8610","0.8526","","-0.80%"
"06/18/2001","0.8608","0.8632","0.8647","0.8573","","-0.08%"
"06/15/2001","0.8615","0.8628","0.8677","0.8601","","-0.09%"
"06/14/2001","0.8623","0.8556","0.8637","0.8486","","0.88%"
"06/13/2001","0.8548","0.8530","0.8570","0.8508","","0.19%"
"06/12/2001","0.8532","0.8436","0.8541","0.8414","","1.19%"
"06/11/2001","0.8432","0.8497","0.8542","0.8410","","-0.89%"
"06/08/2001","0.8508","0.8518","0.8520","0.8457","","0.02%"
"06/07/2001","0.8506","0.8468","0.8518","0.8455","","0.33%"
"06/06/2001","0.8478","0.8543","0.8572","0.8444","","-0.74%"
"06/05/2001","0.8541","0.8460","0.8553","0.8419","","0.90%"
"06/04/2001","0.8465","0.8462","0.8540","0.8437","","-0.14%"
"06/01/2001","0.8477","0.8448","0.8502","0.8430","","0.21%"
"05/31/2001","0.8459","0.8558","0.8569","0.8440","","-1.27%"
"05/30/2001","0.8568","0.8559","0.8595","0.8535","","0.12%"
"05/29/2001","0.8558","0.8601","0.8615","0.8528","","-0.51%"
"05/28/2001","0.8602","0.8602","0.8610","0.8576","","-0.12%"
"05/25/2001","0.8612","0.8572","0.8631","0.8538","","0.50%"
"05/24/2001","0.8569","0.8557","0.8615","0.8500","","0.05%"
"05/23/2001","0.8565","0.8658","0.8664","0.8547","","-0.98%"
"05/22/2001","0.8650","0.8769","0.8777","0.8627","","-1.33%"
"05/21/2001","0.8767","0.8800","0.8820","0.8740","","-0.53%"
"05/18/2001","0.8814","0.8829","0.8830","0.8753","","-0.15%"
"05/17/2001","0.8827","0.8834","0.8883","0.8792","","-0.08%"
"05/16/2001","0.8834","0.8784","0.8869","0.8743","","0.59%"
"05/15/2001","0.8782","0.8740","0.8803","0.8730","","0.45%"
"05/14/2001","0.8743","0.8757","0.8761","0.8723","","-0.11%"
"05/11/2001","0.8753","0.8816","0.8827","0.8733","","-0.70%"
"05/10/2001","0.8815","0.8864","0.8923","0.8779","","-0.51%"
"05/09/2001","0.8860","0.8854","0.8864","0.8810","","0.08%"
"05/08/2001","0.8853","0.8905","0.8914","0.8823","","-0.54%"
"05/07/2001","0.8901","0.8927","0.8935","0.8896","","-0.29%"
"05/04/2001","0.8927","0.8896","0.9010","0.8894","","0.34%"
"05/03/2001","0.8897","0.8939","0.8980","0.8881","","-0.47%"
"05/02/2001","0.8939","0.8937","0.8954","0.8884","","0.10%"
"05/01/2001","0.8930","0.8890","0.8943","0.8856","","0.55%"
"04/30/2001","0.8881","0.8916","0.8925","0.8850","","-0.46%"
"04/27/2001","0.8922","0.9036","0.9057","0.8886","","-1.22%"
"04/26/2001","0.9032","0.8977","0.9046","0.8947","","0.62%"
"04/25/2001","0.8976","0.8948","0.9004","0.8906","","0.38%"
"04/24/2001","0.8942","0.8963","0.9022","0.8931","","-0.25%"
"04/23/2001","0.8964","0.9018","0.9084","0.8942","","-0.64%"
"04/20/2001","0.9022","0.8976","0.9049","0.8947","","0.47%"
"04/19/2001","0.8980","0.8838","0.8990","0.8806","","1.79%"
"04/18/2001","0.8822","0.8834","0.8902","0.8696","","-0.19%"
"04/17/2001","0.8839","0.8884","0.8912","0.8776","","-0.55%"
"04/16/2001","0.8888","0.8887","0.8906","0.8827","","0.07%"
"04/13/2001","0.8882","0.8928","0.8935","0.8878","","-0.49%"
"04/12/2001","0.8926","0.8880","0.8945","0.8835","","0.48%"
"04/11/2001","0.8883","0.8891","0.8920","0.8808","","-0.07%"
"04/10/2001","0.8889","0.8970","0.8997","0.8869","","-0.90%"
"04/09/2001","0.8970","0.9028","0.9049","0.8962","","-0.80%"
"04/06/2001","0.9042","0.8969","0.9054","0.8924","","0.84%"
"04/05/2001","0.8967","0.9012","0.9094","0.8936","","-0.51%"
"04/04/2001","0.9013","0.8976","0.9052","0.8934","","0.36%"
"04/03/2001","0.8981","0.8797","0.8999","0.8792","","2.08%"
"04/02/2001","0.8798","0.8745","0.8839","0.8744","","0.23%"
"03/30/2001","0.8778","0.8836","0.8879","0.8752","","-0.56%"
"03/29/2001","0.8827","0.8859","0.8887","0.8796","","-0.35%"
"03/28/2001","0.8858","0.8935","0.8948","0.8845","","-0.83%"
"03/27/2001","0.8932","0.8958","0.8993","0.8898","","-0.31%"
"03/26/2001","0.8960","0.8911","0.8977","0.8884","","0.67%"
"03/23/2001","0.8900","0.8891","0.8969","0.8852","","0.19%"
"03/22/2001","0.8883","0.8961","0.8968","0.8830","","-0.88%"
"03/21/2001","0.8962","0.9093","0.9128","0.8931","","-1.47%"
"03/20/2001","0.9096","0.8995","0.9101","0.8987","","1.18%"
"03/19/2001","0.8990","0.8975","0.9021","0.8932","","0.16%"
"03/16/2001","0.8976","0.8973","0.9006","0.8915","","-0.09%"
"03/15/2001","0.8984","0.9120","0.9133","0.8953","","-1.37%"
"03/14/2001","0.9109","0.9155","0.9218","0.9078","","-0.42%"
"03/13/2001","0.9147","0.9286","0.9304","0.9127","","-1.51%"
"03/12/2001","0.9287","0.9326","0.9345","0.9258","","-0.45%"
"03/09/2001","0.9329","0.9325","0.9377","0.9290","","0.05%"
"03/08/2001","0.9324","0.9297","0.9343","0.9267","","0.30%"
"03/07/2001","0.9296","0.9344","0.9373","0.9264","","-0.51%"
"03/06/2001","0.9344","0.9289","0.9354","0.9252","","0.52%"
"03/05/2001","0.9296","0.9365","0.9367","0.9281","","-0.55%"
"03/02/2001","0.9347","0.9299","0.9383","0.9285","","0.53%"
"03/01/2001","0.9298","0.9239","0.9325","0.9224","","0.69%"
"02/28/2001","0.9234","0.9187","0.9259","0.9161","","0.61%"
"02/27/2001","0.9178","0.9109","0.9215","0.9083","","0.66%"
"02/26/2001","0.9118","0.9174","0.9190","0.9080","","-0.63%"
"02/23/2001","0.9176","0.9047","0.9214","0.9027","","1.37%"
"02/22/2001","0.9052","0.9092","0.9133","0.9016","","-0.48%"
"02/21/2001","0.9096","0.9123","0.9184","0.9058","","-0.30%"
"02/20/2001","0.9123","0.9214","0.9242","0.9049","","-1.05%"
"02/19/2001","0.9220","0.9133","0.9238","0.9121","","0.97%"
"02/16/2001","0.9131","0.9052","0.9181","0.9047","","0.93%"
"02/15/2001","0.9047","0.9183","0.9199","0.9026","","-1.48%"
"02/14/2001","0.9183","0.9196","0.9223","0.9164","","-0.28%"
"02/13/2001","0.9209","0.9318","0.9334","0.9171","","-1.13%"
"02/12/2001","0.9314","0.9254","0.9334","0.9248","","0.72%"
"02/09/2001","0.9247","0.9179","0.9278","0.9125","","0.64%"
"02/08/2001","0.9188","0.9284","0.9300","0.9147","","-1.01%"
"02/07/2001","0.9282","0.9315","0.9356","0.9257","","-0.29%"
"02/06/2001","0.9309","0.9378","0.9389","0.9281","","-0.80%"
"02/05/2001","0.9384","0.9346","0.9446","0.9343","","0.21%"
"02/02/2001","0.9364","0.9385","0.9423","0.9318","","-0.29%"
"02/01/2001","0.9391","0.9374","0.9448","0.9359","","0.28%"
"01/31/2001","0.9365","0.9263","0.9373","0.9252","","1.06%"
"01/30/2001","0.9267","0.9173","0.9281","0.9144","","1.11%"
"01/29/2001","0.9165","0.9246","0.9264","0.9159","","-0.83%"
"01/26/2001","0.9242","0.9240","0.9321","0.9198","","-0.03%"
"01/25/2001","0.9245","0.9218","0.9254","0.9113","","0.34%"
"01/24/2001","0.9214","0.9374","0.9375","0.9213","","-1.76%"
"01/23/2001","0.9379","0.9387","0.9453","0.9371","","-0.17%"
"01/22/2001","0.9395","0.9341","0.9405","0.9270","","0.59%"
"01/19/2001","0.9340","0.9427","0.9507","0.9339","","-1.10%"
"01/18/2001","0.9444","0.9358","0.9468","0.9354","","0.95%"
"01/17/2001","0.9355","0.9425","0.9449","0.9289","","-0.65%"
"01/16/2001","0.9416","0.9422","0.9442","0.9371","","-0.10%"
"01/15/2001","0.9425","0.9519","0.9532","0.9409","","-1.00%"
"01/12/2001","0.9520","0.9527","0.9584","0.9469","","-0.12%"
"01/11/2001","0.9531","0.9364","0.9554","0.9364","","1.75%"
"01/10/2001","0.9367","0.9442","0.9468","0.9364","","-0.94%"
"01/09/2001","0.9456","0.9471","0.9480","0.9381","","-0.23%"
"01/08/2001","0.9478","0.9576","0.9594","0.9465","","-1.06%"
"01/05/2001","0.9580","0.9499","0.9597","0.9465","","0.92%"
"01/04/2001","0.9493","0.9275","0.9523","0.9264","","2.26%"
"01/03/2001","0.9283","0.9508","0.9572","0.9274","","-2.26%"
"01/02/2001","0.9498","0.9425","0.9514","0.9363","","0.97%"
"01/01/2001","0.9407","0.9422","0.9429","0.9390","","-0.18%"
"12/29/2000","0.9424","0.9294","0.9427","0.9277","","1.38%"
"12/28/2000","0.9296","0.9306","0.9319","0.9244","","-0.11%"
"12/27/2000","0.9306","0.9306","0.9344","0.9271","","-0.05%"
"12/26/2000","0.9311","0.9262","0.9326","0.9236","","0.63%"
"12/25/2000","0.9253","0.9236","0.9279","0.9196","","0.10%"
"12/22/2000","0.9244","0.9166","0.9265","0.9145","","0.88%"
"12/21/2000","0.9163","0.9093","0.9175","0.9057","","0.73%"
"12/20/2000","0.9097","0.8953","0.9102","0.8947","","1.70%"
"12/19/2000","0.8945","0.8947","0.8971","0.8881","","0.08%"
"12/18/2000","0.8938","0.8944","0.9021","0.8923","","-0.20%"
"12/15/2000","0.8956","0.8932","0.9003","0.8903","","0.55%"
"12/14/2000","0.8907","0.8769","0.8918","0.8756","","1.56%"
"12/13/2000","0.8770","0.8793","0.8820","0.8715","","-0.24%"
"12/12/2000","0.8791","0.8777","0.8841","0.8751","","0.34%"
"12/11/2000","0.8761","0.8825","0.8866","0.8750","","-1.15%"
"12/08/2000","0.8863","0.8903","0.8919","0.8808","","-0.37%"
"12/07/2000","0.8896","0.8921","0.8978","0.8854","","-0.21%"
"12/06/2000","0.8915","0.8798","0.8922","0.8770","","1.32%"
"12/05/2000","0.8799","0.8882","0.8910","0.8783","","-1.07%"
"12/04/2000","0.8894","0.8788","0.8936","0.8757","","1.22%"
"12/01/2000","0.8787","0.8725","0.8797","0.8701","","0.72%"
"11/30/2000","0.8724","0.8574","0.8736","0.8566","","1.70%"
"11/29/2000","0.8578","0.8563","0.8661","0.8555","","0.12%"
"11/28/2000","0.8568","0.8521","0.8582","0.8503","","0.61%"
"11/27/2000","0.8516","0.8392","0.8529","0.8384","","1.55%"
"11/24/2000","0.8386","0.8390","0.8458","0.8375","","0.04%"
"11/23/2000","0.8383","0.8452","0.8459","0.8374","","-0.71%"
"11/22/2000","0.8443","0.8434","0.8489","0.8412","","0.11%"
"11/21/2000","0.8434","0.8515","0.8535","0.8415","","-0.93%"
"11/20/2000","0.8513","0.8495","0.8524","0.8461","","0.28%"
"11/17/2000","0.8489","0.8532","0.8579","0.8474","","-0.38%"
"11/16/2000","0.8521","0.8576","0.8601","0.8515","","-0.62%"
"11/15/2000","0.8574","0.8578","0.8637","0.8554","","-0.08%"
"11/14/2000","0.8581","0.8562","0.8618","0.8549","","-0.17%"
"11/13/2000","0.8596","0.8622","0.8667","0.8580","","-0.09%"
"11/10/2000","0.8604","0.8666","0.8708","0.8592","","-0.68%"
"11/09/2000","0.8663","0.8559","0.8675","0.8518","","1.23%"
"11/08/2000","0.8558","0.8602","0.8692","0.8516","","-0.55%"
"11/07/2000","0.8605","0.8617","0.8670","0.8577","","-0.10%"
"11/06/2000","0.8614","0.8669","0.8733","0.8557","","-0.61%"
"11/03/2000","0.8667","0.8585","0.8800","0.8574","","0.81%"
"11/02/2000","0.8597","0.8618","0.8671","0.8554","","-0.22%"
"11/01/2000","0.8616","0.8488","0.8619","0.8468","","1.45%"
"10/31/2000","0.8493","0.8407","0.8501","0.8380","","1.10%"
"10/30/2000","0.8401","0.8411","0.8532","0.8389","","0.06%"
"10/27/2000","0.8396","0.8309","0.8443","0.8285","","1.12%"
"10/26/2000","0.8303","0.8268","0.8326","0.8227","","0.36%"
"10/25/2000","0.8273","0.8360","0.8389","0.8246","","-1.03%"
"10/24/2000","0.8359","0.8354","0.8407","0.8344","","0.04%"
"10/23/2000","0.8356","0.8415","0.8427","0.8347","","-0.77%"
"10/20/2000","0.8421","0.8430","0.8482","0.8350","","-0.15%"
"10/19/2000","0.8434","0.8387","0.8455","0.8380","","0.50%"
"10/18/2000","0.8392","0.8542","0.8579","0.8327","","-1.76%"
"10/17/2000","0.8542","0.8503","0.8562","0.8473","","0.49%"
"10/16/2000","0.8500","0.8547","0.8558","0.8458","","-0.74%"
"10/13/2000","0.8563","0.8629","0.8663","0.8530","","-0.72%"
"10/12/2000","0.8625","0.8654","0.8683","0.8613","","-0.39%"
"10/11/2000","0.8659","0.8719","0.8768","0.8655","","-0.67%"
"10/10/2000","0.8717","0.8683","0.8746","0.8659","","0.39%"
"10/09/2000","0.8683","0.8693","0.8715","0.8662","","-0.02%"
"10/06/2000","0.8685","0.8694","0.8744","0.8662","","-0.06%"
"10/05/2000","0.8690","0.8747","0.8790","0.8679","","-0.71%"
"10/04/2000","0.8752","0.8760","0.8781","0.8717","","-0.05%"
"10/03/2000","0.8756","0.8775","0.8790","0.8727","","-0.21%"
"10/02/2000","0.8774","0.8843","0.8861","0.8761","","-0.74%"
"09/29/2000","0.8839","0.8793","0.8853","0.8747","","0.51%"
"09/28/2000","0.8794","0.8834","0.8867","0.8768","","-0.44%"
"09/27/2000","0.8833","0.8831","0.8887","0.8782","","0.06%"
"09/26/2000","0.8828","0.8746","0.8840","0.8726","","0.95%"
"09/25/2000","0.8745","0.8799","0.8832","0.8712","","-0.18%"
"09/22/2000","0.8761","0.8609","0.9025","0.8571","","1.67%"
"09/21/2000","0.8617","0.8493","0.8618","0.8458","","1.46%"
"09/20/2000","0.8493","0.8513","0.8520","0.8439","","-0.23%"
"09/19/2000","0.8513","0.8547","0.8567","0.8477","","-0.27%"
"09/18/2000","0.8536","0.8532","0.8577","0.8512","","0.00%"
"09/15/2000","0.8536","0.8646","0.8702","0.8528","","-1.26%"
"09/14/2000","0.8645","0.8602","0.8741","0.8568","","0.57%"
"09/13/2000","0.8596","0.8637","0.8705","0.8582","","-0.47%"
"09/12/2000","0.8637","0.8586","0.8691","0.8550","","0.65%"
"09/11/2000","0.8581","0.8643","0.8725","0.8565","","-0.94%"
"09/08/2000","0.8662","0.8722","0.8751","0.8636","","-0.68%"
"09/07/2000","0.8721","0.8718","0.8768","0.8633","","0.25%"
"09/06/2000","0.8699","0.8900","0.8901","0.8685","","-2.26%"
"09/05/2000","0.8900","0.8979","0.8993","0.8850","","-0.87%"
"09/04/2000","0.8978","0.8998","0.9041","0.8964","","-0.22%"
"09/01/2000","0.8998","0.8887","0.9019","0.8875","","1.24%"
"08/31/2000","0.8888","0.8949","0.8974","0.8839","","-0.64%"
"08/30/2000","0.8945","0.8923","0.8949","0.8867","","0.24%"
"08/29/2000","0.8924","0.8996","0.9024","0.8906","","-0.84%"
"08/28/2000","0.9000","0.9024","0.9045","0.8984","","-0.24%"
"08/25/2000","0.9022","0.9019","0.9074","0.8974","","0.00%"
"08/24/2000","0.9022","0.9024","0.9057","0.8995","","0.11%"
"08/23/2000","0.9012","0.8973","0.9020","0.8908","","0.46%"
"08/22/2000","0.8971","0.9022","0.9036","0.8942","","-0.55%"
"08/21/2000","0.9021","0.9072","0.9078","0.9007","","-0.49%"
"08/18/2000","0.9065","0.9163","0.9187","0.9057","","-1.08%"
"08/17/2000","0.9164","0.9162","0.9175","0.9114","","0.03%"
"08/16/2000","0.9161","0.9128","0.9180","0.9063","","0.37%"
"08/15/2000","0.9127","0.9060","0.9142","0.9056","","0.77%"
"08/14/2000","0.9057","0.9038","0.9068","0.8997","","0.35%"
"08/11/2000","0.9025","0.9082","0.9146","0.9025","","-0.61%"
"08/10/2000","0.9080","0.9012","0.9100","0.9003","","0.73%"
"08/09/2000","0.9014","0.9022","0.9034","0.8961","","-0.08%"
"08/08/2000","0.9021","0.9074","0.9086","0.8983","","-0.61%"
"08/07/2000","0.9076","0.9073","0.9115","0.9053","","-0.06%"
"08/04/2000","0.9081","0.9064","0.9103","0.9012","","0.14%"
"08/03/2000","0.9068","0.9138","0.9179","0.8994","","-0.71%"
"08/02/2000","0.9133","0.9145","0.9193","0.9113","","-0.10%"
"08/01/2000","0.9142","0.9265","0.9294","0.9130","","-1.31%"
"07/31/2000","0.9263","0.9239","0.9297","0.9221","","0.31%"
"07/28/2000","0.9234","0.9318","0.9338","0.9223","","-0.91%"
"07/27/2000","0.9319","0.9435","0.9444","0.9316","","-1.21%"
"07/26/2000","0.9433","0.9382","0.9450","0.9379","","0.52%"
"07/25/2000","0.9384","0.9334","0.9431","0.9316","","0.49%"
"07/24/2000","0.9338","0.9363","0.9377","0.9309","","-0.34%"
"07/21/2000","0.9370","0.9331","0.9381","0.9312","","0.43%"
"07/20/2000","0.9330","0.9247","0.9345","0.9200","","0.93%"
"07/19/2000","0.9244","0.9249","0.9263","0.9190","","0.01%"
"07/18/2000","0.9243","0.9366","0.9367","0.9227","","-1.31%"
"07/17/2000","0.9366","0.9382","0.9401","0.9338","","-0.18%"
"07/14/2000","0.9383","0.9368","0.9391","0.9315","","0.12%"
"07/13/2000","0.9372","0.9414","0.9426","0.9322","","-0.54%"
"07/12/2000","0.9423","0.9519","0.9528","0.9391","","-1.06%"
"07/11/2000","0.9524","0.9550","0.9567","0.9490","","-0.30%"
"07/10/2000","0.9553","0.9482","0.9556","0.9474","","0.73%"
"07/07/2000","0.9484","0.9508","0.9528","0.9460","","-0.24%"
"07/06/2000","0.9507","0.9531","0.9599","0.9495","","-0.25%"
"07/05/2000","0.9531","0.9516","0.9573","0.9507","","0.23%"
"07/04/2000","0.9509","0.9506","0.9523","0.9465","","0.05%"
"07/03/2000","0.9504","0.9524","0.9547","0.9480","","-0.23%"
"06/30/2000","0.9526","0.9508","0.9603","0.9502","","0.06%"
"06/29/2000","0.9520","0.9417","0.9539","0.9414","","1.09%"
"06/28/2000","0.9417","0.9455","0.9473","0.9400","","-0.45%"
"06/27/2000","0.9460","0.9370","0.9471","0.9353","","0.96%"
"06/26/2000","0.9370","0.9365","0.9400","0.9299","","0.11%"
"06/23/2000","0.9360","0.9359","0.9431","0.9339","","0.01%"
"06/22/2000","0.9359","0.9452","0.9475","0.9344","","-0.90%"
"06/21/2000","0.9444","0.9542","0.9546","0.9430","","-1.06%"
"06/20/2000","0.9545","0.9568","0.9623","0.9528","","-0.25%"
"06/19/2000","0.9569","0.9636","0.9696","0.9562","","-0.82%"
"06/16/2000","0.9648","0.9545","0.9660","0.9496","","1.09%"
"06/15/2000","0.9544","0.9573","0.9606","0.9500","","-0.38%"
"06/14/2000","0.9580","0.9587","0.9657","0.9567","","-0.13%"
"06/13/2000","0.9592","0.9537","0.9651","0.9520","","0.60%"
"06/12/2000","0.9535","0.9526","0.9563","0.9489","","0.03%"
"06/09/2000","0.9532","0.9546","0.9571","0.9459","","-0.31%"
"06/08/2000","0.9562","0.9624","0.9704","0.9507","","-0.60%"
"06/07/2000","0.9620","0.9543","0.9635","0.9533","","0.78%"
"06/06/2000","0.9546","0.9466","0.9603","0.9449","","0.70%"
"06/05/2000","0.9480","0.9464","0.9494","0.9411","","0.16%"
"06/02/2000","0.9465","0.9314","0.9506","0.9294","","1.61%"
"06/01/2000","0.9315","0.9371","0.9380","0.9283","","-0.68%"
"05/31/2000","0.9379","0.9292","0.9384","0.9257","","0.85%"
"05/30/2000","0.9300","0.9270","0.9412","0.9238","","0.37%"
"05/29/2000","0.9266","0.9324","0.9335","0.9235","","-0.49%"
"05/26/2000","0.9312","0.9129","0.9344","0.9110","","2.03%"
"05/25/2000","0.9127","0.9032","0.9138","0.8977","","1.05%"
"05/24/2000","0.9032","0.9070","0.9129","0.9026","","-0.50%"
"05/23/2000","0.9077","0.9026","0.9158","0.9019","","0.53%"
"05/22/2000","0.9029","0.8975","0.9073","0.8953","","0.61%"
"05/19/2000","0.8974","0.8949","0.8999","0.8845","","0.31%"
"05/18/2000","0.8946","0.8951","0.8975","0.8902","","-0.08%"
"05/17/2000","0.8953","0.9006","0.9032","0.8888","","-0.57%"
"05/16/2000","0.9004","0.9072","0.9108","0.8994","","-1.24%"
"05/15/2000","0.9117","0.9177","0.9194","0.9111","","-0.89%"
"05/12/2000","0.9199","0.9014","0.9201","0.8977","","2.03%"
"05/11/2000","0.9016","0.9037","0.9111","0.8990","","-0.56%"
"05/10/2000","0.9067","0.9089","0.9129","0.9047","","-0.10%"
"05/09/2000","0.9076","0.8970","0.9081","0.8944","","1.13%"
"05/08/2000","0.8975","0.8964","0.9047","0.8914","","0.07%"
"05/05/2000","0.8969","0.8910","0.9013","0.8901","","0.67%"
"05/04/2000","0.8909","0.8956","0.8975","0.8846","","-0.55%"
"05/03/2000","0.8958","0.9100","0.9109","0.8883","","-1.57%"
"05/02/2000","0.9101","0.9153","0.9178","0.9033","","-0.64%"
"05/01/2000","0.9160","0.9121","0.9174","0.9071","","0.41%"
"04/28/2000","0.9123","0.9103","0.9143","0.9029","","0.25%"
"04/27/2000","0.9100","0.9242","0.9252","0.9061","","-1.49%"
"04/26/2000","0.9238","0.9211","0.9253","0.9174","","0.30%"
"04/25/2000","0.9210","0.9389","0.9397","0.9162","","-1.86%"
"04/24/2000","0.9385","0.9383","0.9451","0.9367","","0.02%"
"04/21/2000","0.9383","0.9381","0.9398","0.9362","","0.04%"
"04/20/2000","0.9379","0.9403","0.9425","0.9348","","-0.28%"
"04/19/2000","0.9405","0.9452","0.9490","0.9354","","-0.57%"
"04/18/2000","0.9459","0.9523","0.9526","0.9440","","-0.68%"
"04/17/2000","0.9524","0.9644","0.9673","0.9517","","-1.03%"
"04/14/2000","0.9623","0.9528","0.9625","0.9509","","1.03%"
"04/13/2000","0.9525","0.9589","0.9596","0.9514","","-0.66%"
"04/12/2000","0.9588","0.9587","0.9602","0.9520","","-0.03%"
"04/11/2000","0.9591","0.9625","0.9649","0.9563","","-0.37%"
"04/10/2000","0.9627","0.9546","0.9629","0.9532","","0.82%"
"04/07/2000","0.9549","0.9583","0.9617","0.9536","","-0.31%"
"04/06/2000","0.9579","0.9604","0.9645","0.9565","","-0.46%"
"04/05/2000","0.9623","0.9614","0.9712","0.9592","","0.20%"
"04/04/2000","0.9604","0.9538","0.9752","0.9513","","0.57%"
"04/03/2000","0.9550","0.9563","0.9606","0.9503","","-0.13%"
"03/31/2000","0.9562","0.9612","0.9628","0.9526","","-0.51%"
"03/30/2000","0.9611","0.9510","0.9623","0.9507","","1.00%"
"03/29/2000","0.9516","0.9603","0.9605","0.9478","","-0.95%"
"03/28/2000","0.9607","0.9672","0.9703","0.9601","","-0.62%"
"03/27/2000","0.9667","0.9771","0.9790","0.9632","","-1.06%"
"03/24/2000","0.9771","0.9716","0.9778","0.9671","","0.55%"
"03/23/2000","0.9718","0.9607","0.9729","0.9601","","1.10%"
"03/22/2000","0.9612","0.9615","0.9632","0.9576","","-0.30%"
"03/21/2000","0.9641","0.9733","0.9738","0.9633","","-0.94%"
"03/20/2000","0.9732","0.9728","0.9748","0.9684","","0.08%"
"03/17/2000","0.9724","0.9699","0.9730","0.9659","","0.09%"
"03/16/2000","0.9715","0.9662","0.9741","0.9646","","0.41%"
"03/15/2000","0.9675","0.9685","0.9714","0.9640","","-0.08%"
"03/14/2000","0.9683","0.9637","0.9684","0.9595","","0.37%"
"03/13/2000","0.9647","0.9627","0.9730","0.9617","","0.18%"
"03/10/2000","0.9630","0.9667","0.9687","0.9597","","-0.35%"
"03/09/2000","0.9664","0.9607","0.9702","0.9595","","0.58%"
"03/08/2000","0.9608","0.9584","0.9634","0.9523","","0.10%"
"03/07/2000","0.9598","0.9590","0.9627","0.9526","","0.04%"
"03/06/2000","0.9594","0.9576","0.9672","0.9557","","-0.05%"
"03/03/2000","0.9599","0.9647","0.9679","0.9587","","-0.47%"
"03/02/2000","0.9644","0.9734","0.9796","0.9614","","-0.97%"
"03/01/2000","0.9738","0.9647","0.9770","0.9627","","0.94%"
"02/29/2000","0.9647","0.9717","0.9865","0.9616","","-0.74%"
"02/28/2000","0.9719","0.9748","0.9748","0.9392","","-0.27%"
"02/25/2000","0.9745","0.9929","0.9929","0.9723","","-1.87%"
"02/24/2000","0.9931","1.0036","1.0042","0.9889","","-0.99%"
"02/23/2000","1.0030","1.0039","1.0091","1.0009","","-0.10%"
"02/22/2000","1.0040","0.9875","1.0080","0.9872","","1.68%"
"02/21/2000","0.9874","0.9848","0.9890","0.9843","","0.09%"
"02/18/2000","0.9865","0.9880","0.9903","0.9807","","-0.14%"
"02/17/2000","0.9879","0.9865","0.9959","0.9838","","0.11%"
"02/16/2000","0.9868","0.9811","0.9876","0.9790","","0.55%"
"02/15/2000","0.9814","0.9781","0.9863","0.9764","","0.28%"
"02/14/2000","0.9787","0.9863","0.9922","0.9775","","-0.83%"
"02/11/2000","0.9869","0.9854","0.9879","0.9789","","0.17%"
"02/10/2000","0.9852","0.9942","0.9960","0.9830","","-0.89%"
"02/09/2000","0.9940","0.9857","0.9966","0.9851","","0.83%"
"02/08/2000","0.9858","0.9814","0.9916","0.9788","","0.49%"
"02/07/2000","0.9810","0.9836","0.9836","0.9754","","-0.18%"
"02/04/2000","0.9828","0.9909","0.9941","0.9748","","-0.76%"
"02/03/2000","0.9903","0.9763","0.9949","0.9709","","1.41%"
"02/02/2000","0.9765","0.9717","0.9808","0.9689","","0.42%"
"02/01/2000","0.9724","0.9704","0.9783","0.9663","","0.30%"
"01/31/2000","0.9695","0.9779","0.9829","0.9670","","-0.56%"
"01/28/2000","0.9750","0.9880","0.9895","0.9738","","-1.37%"
"01/27/2000","0.9885","1.0019","1.0030","0.9869","","-1.27%"
"01/26/2000","1.0012","1.0013","1.0057","0.9993","","0.06%"
"01/25/2000","1.0006","1.0076","1.0099","0.9989","","-0.71%"
"01/24/2000","1.0078","1.0023","1.0078","0.9998","","-0.13%"
"01/21/2000","1.0091","1.0173","1.0193","1.0049","","-0.83%"
"01/20/2000","1.0175","1.0137","1.0189","1.0072","","0.52%"
"01/19/2000","1.0122","1.0139","1.0166","1.0086","","-0.09%"
"01/18/2000","1.0131","1.0123","1.0143","1.0072","","0.13%"
"01/17/2000","1.0118","1.0128","1.0149","1.0069","","-0.10%"
"01/14/2000","1.0128","1.0261","1.0273","1.0111","","-1.23%"
"01/13/2000","1.0254","1.0311","1.0320","1.0237","","-0.56%"
"01/12/2000","1.0312","1.0322","1.0370","1.0258","","-0.22%"
"01/11/2000","1.0335","1.0259","1.0342","1.0241","","0.76%"
"01/10/2000","1.0257","1.0288","1.0303","1.0213","","-0.34%"
"01/07/2000","1.0292","1.0327","1.0333","1.0252","","-0.31%"
"01/06/2000","1.0324","1.0325","1.0419","1.0275","","0.08%"
"01/05/2000","1.0316","1.0295","1.0404","1.0282","","0.04%"
"01/04/2000","1.0312","1.0244","1.0347","1.0213","","0.46%"
"01/03/2000","1.0265","1.0052","1.0282","1.0050","","1.89%"
"12/31/1999","1.0075","1.0088","1.0100","1.0045","","-0.07%"
"12/30/1999","1.0082","1.0040","1.0086","1.0012","","0.36%"
"12/29/1999","1.0046","1.0071","1.0109","1.0033","","-0.25%"
"12/28/1999","1.0071","1.0129","1.0141","1.0030","","-0.56%"
"12/27/1999","1.0128","1.0126","1.0160","1.0111","","-0.03%"
"12/24/1999","1.0131","1.0152","1.0172","1.0114","","-0.31%"
"12/23/1999","1.0162","1.0095","1.0183","1.0071","","0.64%"
"12/22/1999","1.0097","1.0084","1.0113","1.0057","","0.00%"
"12/21/1999","1.0097","1.0135","1.0153","1.0074","","-0.35%"
"12/20/1999","1.0132","1.0082","1.0145","1.0041","","0.50%"
"12/17/1999","1.0082","1.0160","1.0248","1.0057","","-0.80%"
"12/16/1999","1.0163","1.0072","1.0192","1.0062","","0.88%"
"12/15/1999","1.0074","1.0057","1.0088","1.0010","","0.15%"
"12/14/1999","1.0059","1.0143","1.0150","1.0025","","-0.79%"
"12/13/1999","1.0139","1.0137","1.0164","1.0105","","0.10%"
"12/10/1999","1.0129","1.0213","1.0227","1.0112","","-0.77%"
"12/09/1999","1.0208","1.0280","1.0286","1.0152","","-0.63%"
"12/08/1999","1.0273","1.0254","1.0290","1.0222","","0.19%"
"12/07/1999","1.0254","1.0226","1.0302","1.0197","","0.22%"
"12/06/1999","1.0232","1.0029","1.0266","0.9990","","2.08%"
"12/03/1999","1.0024","1.0017","1.0043","0.9989","","0.14%"
"12/02/1999","1.0010","1.0083","1.0109","0.9997","","-0.69%"
"12/01/1999","1.0080","1.0095","1.0130","1.0046","","-0.11%"
"11/30/1999","1.0091","1.0097","1.0147","1.0043","","-0.04%"
"11/29/1999","1.0095","1.0156","1.0202","1.0036","","-0.70%"
"11/26/1999","1.0166","1.0181","1.0198","1.0076","","-0.24%"
"11/25/1999","1.0190","1.0182","1.0223","1.0167","","-0.01%"
"11/24/1999","1.0191","1.0286","1.0287","1.0154","","-0.89%"
"11/23/1999","1.0282","1.0316","1.0335","1.0253","","-0.36%"
"11/22/1999","1.0319","1.0302","1.0345","1.0285","","0.12%"
"11/19/1999","1.0307","1.0303","1.0339","1.0246","","0.10%"
"11/18/1999","1.0297","1.0412","1.0438","1.0257","","-1.10%"
"11/17/1999","1.0412","1.0305","1.0445","1.0296","","1.11%"
"11/16/1999","1.0298","1.0333","1.0359","1.0290","","-0.32%"
"11/15/1999","1.0331","1.0322","1.0343","1.0295","","0.12%"
"11/12/1999","1.0319","1.0405","1.0415","1.0287","","-0.87%"
"11/11/1999","1.0410","1.0448","1.0452","1.0389","","-0.36%"
"11/10/1999","1.0448","1.0405","1.0454","1.0384","","0.41%"
"11/09/1999","1.0405","1.0386","1.0435","1.0362","","0.15%"
"11/08/1999","1.0389","1.0446","1.0463","1.0345","","-0.25%"
"11/05/1999","1.0415","1.0384","1.0438","1.0358","","0.35%"
"11/04/1999","1.0379","1.0486","1.0543","1.0349","","-1.00%"
"11/03/1999","1.0484","1.0525","1.0532","1.0455","","-0.33%"
"11/02/1999","1.0519","1.0519","1.0557","1.0483","","0.06%"
"11/01/1999","1.0513","1.0549","1.0594","1.0481","","-0.36%"
"10/29/1999","1.0551","1.0524","1.0560","1.0433","","0.28%"
"10/28/1999","1.0522","1.0524","1.0546","1.0469","","0.02%"
"10/27/1999","1.0520","1.0596","1.0642","1.0482","","-0.70%"
"10/26/1999","1.0594","1.0676","1.0695","1.0561","","-0.78%"
"10/25/1999","1.0677","1.0688","1.0704","1.0633","","-0.08%"
"10/22/1999","1.0686","1.0804","1.0814","1.0652","","-1.07%"
"10/21/1999","1.0802","1.0766","1.0835","1.0755","","0.49%"
"10/20/1999","1.0749","1.0829","1.0842","1.0730","","-0.72%"
"10/19/1999","1.0827","1.0819","1.0852","1.0774","","0.10%"
"10/18/1999","1.0816","1.0900","1.0905","1.0802","","-0.64%"
"10/15/1999","1.0886","1.0776","1.0913","1.0766","","1.02%"
"10/14/1999","1.0776","1.0811","1.0831","1.0750","","-0.30%"
"10/13/1999","1.0808","1.0772","1.0817","1.0734","","0.33%"
"10/12/1999","1.0772","1.0633","1.0774","1.0629","","1.30%"
"10/11/1999","1.0634","1.0615","1.0657","1.0609","","-0.01%"
"10/08/1999","1.0635","1.0712","1.0721","1.0603","","-0.74%"
"10/07/1999","1.0714","1.0688","1.0750","1.0656","","0.22%"
"10/06/1999","1.0690","1.0730","1.0780","1.0676","","-0.45%"
"10/05/1999","1.0738","1.0735","1.0760","1.0666","","0.02%"
"10/04/1999","1.0736","1.0710","1.0776","1.0689","","0.15%"
"10/01/1999","1.0720","1.0678","1.0770","1.0667","","0.34%"
"09/30/1999","1.0684","1.0640","1.0702","1.0604","","0.39%"
"09/29/1999","1.0642","1.0520","1.0657","1.0513","","1.12%"
"09/28/1999","1.0524","1.0460","1.0571","1.0441","","0.59%"
"09/27/1999","1.0462","1.0438","1.0479","1.0392","","0.22%"
"09/24/1999","1.0439","1.0510","1.0546","1.0422","","-0.63%"
"09/23/1999","1.0505","1.0433","1.0509","1.0392","","0.62%"
"09/22/1999","1.0440","1.0492","1.0543","1.0408","","-0.51%"
"09/21/1999","1.0494","1.0362","1.0503","1.0362","","1.33%"
"09/20/1999","1.0356","1.0417","1.0452","1.0347","","-0.66%"
"09/17/1999","1.0425","1.0391","1.0427","1.0360","","0.38%"
"09/16/1999","1.0386","1.0406","1.0472","1.0346","","-0.20%"
"09/15/1999","1.0407","1.0357","1.0423","1.0284","","0.48%"
"09/14/1999","1.0357","1.0418","1.0444","1.0318","","-0.65%"
"09/13/1999","1.0425","1.0356","1.0429","1.0299","","0.61%"
"09/10/1999","1.0362","1.0539","1.0564","1.0349","","-1.72%"
"09/09/1999","1.0543","1.0598","1.0636","1.0524","","-0.53%"
"09/08/1999","1.0599","1.0589","1.0645","1.0563","","0.10%"
"09/07/1999","1.0588","1.0571","1.0602","1.0513","","0.06%"
"09/06/1999","1.0582","1.0577","1.0621","1.0570","","-0.29%"
"09/03/1999","1.0613","1.0683","1.0725","1.0587","","-0.72%"
"09/02/1999","1.0690","1.0577","1.0734","1.0553","","1.02%"
"09/01/1999","1.0582","1.0565","1.0639","1.0556","","0.17%"
"08/31/1999","1.0564","1.0497","1.0610","1.0482","","0.75%"
"08/30/1999","1.0485","1.0477","1.0487","1.0434","","0.19%"
"08/27/1999","1.0465","1.0458","1.0487","1.0422","","0.07%"
"08/26/1999","1.0458","1.0431","1.0473","1.0410","","0.34%"
"08/25/1999","1.0423","1.0537","1.0549","1.0406","","-1.16%"
"08/24/1999","1.0545","1.0494","1.0551","1.0391","","0.52%"
"08/23/1999","1.0490","1.0671","1.0678","1.0463","","-1.73%"
"08/20/1999","1.0675","1.0633","1.0691","1.0622","","0.31%"
"08/19/1999","1.0642","1.0522","1.0648","1.0457","","1.16%"
"08/18/1999","1.0520","1.0511","1.0564","1.0499","","0.12%"
"08/17/1999","1.0507","1.0581","1.0585","1.0488","","-0.72%"
"08/16/1999","1.0583","1.0574","1.0602","1.0547","","0.19%"
"08/13/1999","1.0563","1.0675","1.0702","1.0559","","-1.08%"
"08/12/1999","1.0678","1.0654","1.0682","1.0621","","0.22%"
"08/11/1999","1.0655","1.0708","1.0727","1.0642","","-0.47%"
"08/10/1999","1.0705","1.0722","1.0768","1.0699","","-0.18%"
"08/09/1999","1.0724","1.0728","1.0737","1.0680","","-0.08%"
"08/06/1999","1.0733","1.0757","1.0797","1.0720","","-0.22%"
"08/05/1999","1.0757","1.0777","1.0829","1.0743","","-0.16%"
"08/04/1999","1.0774","1.0680","1.0798","1.0669","","0.91%"
"08/03/1999","1.0677","1.0684","1.0708","1.0629","","-0.07%"
"08/02/1999","1.0685","1.0685","1.0712","1.0630","","-0.21%"
"07/30/1999","1.0707","1.0713","1.0747","1.0675","","-0.16%"
"07/29/1999","1.0724","1.0663","1.0741","1.0652","","0.53%"
"07/28/1999","1.0667","1.0637","1.0696","1.0591","","0.32%"
"07/27/1999","1.0633","1.0642","1.0703","1.0608","","-0.22%"
"07/26/1999","1.0656","1.0519","1.0725","1.0515","","1.34%"
"07/23/1999","1.0515","1.0508","1.0550","1.0458","","0.08%"
"07/22/1999","1.0507","1.0513","1.0576","1.0473","","-0.22%"
"07/21/1999","1.0530","1.0402","1.0549","1.0394","","1.15%"
"07/20/1999","1.0410","1.0316","1.0438","1.0278","","0.95%"
"07/19/1999","1.0312","1.0185","1.0339","1.0123","","1.10%"
"07/16/1999","1.0200","1.0196","1.0231","1.0181","","0.10%"
"07/15/1999","1.0190","1.0203","1.0254","1.0184","","-0.14%"
"07/14/1999","1.0204","1.0168","1.0229","1.0124","","0.38%"
"07/13/1999","1.0165","1.0152","1.0214","1.0109","","0.20%"
"07/12/1999","1.0145","1.0194","1.0198","1.0111","","-0.54%"
"07/09/1999","1.0200","1.0223","1.0247","1.0166","","-0.19%"
"07/08/1999","1.0219","1.0191","1.0229","1.0147","","0.00%"
"07/07/1999","1.0219","1.0248","1.0272","1.0198","","-0.19%"
"07/06/1999","1.0238","1.0225","1.0261","1.0183","","0.15%"
"07/05/1999","1.0223","1.0248","1.0257","1.0212","","-0.24%"
"07/02/1999","1.0248","1.0240","1.0257","1.0208","","0.13%"
"07/01/1999","1.0235","1.0364","1.0393","1.0203","","-1.18%"
"06/30/1999","1.0357","1.0335","1.0361","1.0293","","0.32%"
"06/29/1999","1.0324","1.0328","1.0370","1.0314","","-0.11%"
"06/28/1999","1.0335","1.0398","1.0438","1.0326","","-0.90%"
"06/25/1999","1.0429","1.0404","1.0482","1.0404","","0.26%"
"06/24/1999","1.0402","1.0335","1.0417","1.0303","","0.63%"
"06/23/1999","1.0337","1.0328","1.0351","1.0271","","0.09%"
"06/22/1999","1.0328","1.0345","1.0361","1.0295","","-0.22%"
"06/21/1999","1.0351","1.0390","1.0424","1.0309","","-0.42%"
"06/18/1999","1.0395","1.0345","1.0427","1.0295","","0.46%"
"06/17/1999","1.0347","1.0305","1.0360","1.0290","","0.37%"
"06/16/1999","1.0309","1.0427","1.0440","1.0288","","-1.11%"
"06/15/1999","1.0425","1.0421","1.0442","1.0379","","0.02%"
"06/14/1999","1.0423","1.0513","1.0518","1.0406","","-0.88%"
"06/11/1999","1.0516","1.0482","1.0560","1.0465","","0.32%"
"06/10/1999","1.0482","1.0471","1.0526","1.0433","","0.11%"
"06/09/1999","1.0470","1.0465","1.0492","1.0426","","0.05%"
"06/08/1999","1.0465","1.0292","1.0473","1.0265","","1.57%"
"06/07/1999","1.0303","1.0360","1.0368","1.0257","","-0.70%"
"06/04/1999","1.0376","1.0317","1.0380","1.0268","","0.50%"
"06/03/1999","1.0324","1.0358","1.0421","1.0301","","-0.35%"
"06/02/1999","1.0360","1.0450","1.0463","1.0324","","-0.90%"
"06/01/1999","1.0454","1.0430","1.0476","1.0418","","0.30%"
"05/31/1999","1.0423","1.0457","1.0490","1.0410","","-0.06%"
"05/28/1999","1.0429","1.0423","1.0509","1.0391","","-0.02%"
"05/27/1999","1.0431","1.0452","1.0493","1.0410","","-0.09%"
"05/26/1999","1.0440","1.0620","1.0630","1.0440","","-1.67%"
"05/25/1999","1.0617","1.0603","1.0646","1.0560","","0.11%"
"05/24/1999","1.0605","1.0564","1.0611","1.0552","","0.13%"
"05/21/1999","1.0591","1.0614","1.0619","1.0545","","-0.30%"
"05/20/1999","1.0623","1.0667","1.0707","1.0612","","-0.38%"
"05/19/1999","1.0663","1.0680","1.0690","1.0619","","-0.16%"
"05/18/1999","1.0680","1.0665","1.0711","1.0652","","0.14%"
"05/17/1999","1.0665","1.0677","1.0692","1.0642","","0.08%"
"05/14/1999","1.0657","1.0666","1.0745","1.0634","","0.03%"
"05/13/1999","1.0654","1.0642","1.0676","1.0599","","0.04%"
"05/12/1999","1.0650","1.0716","1.0738","1.0639","","-0.53%"
"05/11/1999","1.0707","1.0786","1.0806","1.0701","","-0.70%"
"05/10/1999","1.0782","1.0726","1.0842","1.0704","","0.24%"
"05/07/1999","1.0756","1.0797","1.0817","1.0743","","-0.26%"
"05/06/1999","1.0784","1.0753","1.0827","1.0734","","0.20%"
"05/05/1999","1.0762","1.0631","1.0774","1.0623","","1.21%"
"05/04/1999","1.0633","1.0565","1.0637","1.0558","","0.65%"
"05/03/1999","1.0564","1.0587","1.0603","1.0548","","-0.06%"
"04/30/1999","1.0570","1.0620","1.0638","1.0542","","-0.41%"
"04/29/1999","1.0613","1.0628","1.0639","1.0573","","-0.13%"
"04/28/1999","1.0627","1.0657","1.0699","1.0604","","-0.36%"
"04/27/1999","1.0665","1.0587","1.0669","1.0583","","0.68%"
"04/26/1999","1.0593","1.0610","1.0631","1.0577","","-0.11%"
"04/23/1999","1.0605","1.0649","1.0688","1.0598","","-0.42%"
"04/22/1999","1.0650","1.0587","1.0663","1.0560","","0.59%"
"04/21/1999","1.0588","1.0620","1.0634","1.0571","","-0.37%"
"04/20/1999","1.0627","1.0663","1.0686","1.0608","","-0.37%"
"04/19/1999","1.0667","1.0675","1.0703","1.0587","","-0.41%"
"04/16/1999","1.0711","1.0696","1.0720","1.0627","","0.07%"
"04/15/1999","1.0703","1.0810","1.0814","1.0688","","-0.92%"
"04/14/1999","1.0802","1.0772","1.0819","1.0762","","0.18%"
"04/13/1999","1.0783","1.0808","1.0833","1.0743","","-0.23%"
"04/12/1999","1.0808","1.0818","1.0880","1.0802","","0.04%"
"04/09/1999","1.0804","1.0736","1.0814","1.0726","","0.41%"
"04/08/1999","1.0760","1.0766","1.0886","1.0722","","-0.09%"
"04/07/1999","1.0770","1.0840","1.0850","1.0757","","-0.61%"
"04/06/1999","1.0836","1.0713","1.0857","1.0703","","1.12%"
"04/05/1999","1.0716","1.0788","1.0794","1.0701","","-0.73%"
"04/02/1999","1.0795","1.0787","1.0808","1.0762","","-0.03%"
"04/01/1999","1.0798","1.0776","1.0824","1.0725","","0.26%"
"03/31/1999","1.0770","1.0720","1.0825","1.0694","","0.44%"
"03/30/1999","1.0723","1.0731","1.0782","1.0698","","-0.11%"
"03/29/1999","1.0735","1.0747","1.0793","1.0683","","-0.32%"
"03/26/1999","1.0770","1.0840","1.0869","1.0713","","-0.60%"
"03/25/1999","1.0835","1.0875","1.0913","1.0828","","-0.46%"
"03/24/1999","1.0885","1.0903","1.0965","1.0880","","-0.27%"
"03/23/1999","1.0915","1.0913","1.0931","1.0854","","0.02%"
"03/22/1999","1.0913","1.0915","1.0924","1.0850","","0.13%"
"03/19/1999","1.0899","1.0978","1.1003","1.0876","","-0.72%"
"03/18/1999","1.0978","1.0989","1.1070","1.0955","","-0.22%"
"03/17/1999","1.1002","1.0997","1.1046","1.0936","","0.11%"
"03/16/1999","1.0990","1.0925","1.1008","1.0815","","0.43%"
"03/15/1999","1.0943","1.0894","1.0960","1.0882","","0.28%"
"03/12/1999","1.0912","1.1049","1.1050","1.0893","","-1.08%"
"03/11/1999","1.1031","1.0941","1.1061","1.0796","","0.79%"
"03/10/1999","1.0945","1.0888","1.0978","1.0877","","0.54%"
"03/09/1999","1.0886","1.0886","1.0920","1.0856","","0.01%"
"03/08/1999","1.0885","1.0824","1.0929","1.0803","","0.48%"
"03/05/1999","1.0833","1.0802","1.0867","1.0781","","0.23%"
"03/04/1999","1.0808","1.0877","1.0880","1.0787","","-0.68%"
"03/03/1999","1.0882","1.0945","1.0949","1.0873","","-0.48%"
"03/02/1999","1.0934","1.0894","1.0938","1.0854","","0.40%"
"03/01/1999","1.0890","1.0987","1.1027","1.0885","","-1.22%"
"02/26/1999","1.1025","1.1035","1.1046","1.0950","","-0.15%"
"02/25/1999","1.1042","1.1002","1.1079","1.0977","","0.38%"
"02/24/1999","1.1000","1.1008","1.1048","1.0924","","-0.07%"
"02/23/1999","1.1008","1.1025","1.1082","1.0938","","-0.24%"
"02/22/1999","1.1035","1.1073","1.1077","1.0966","","-0.38%"
"02/19/1999","1.1077","1.1199","1.1213","1.1053","","-1.10%"
"02/18/1999","1.1200","1.1238","1.1280","1.1183","","-0.41%"
"02/17/1999","1.1246","1.1206","1.1269","1.1195","","0.39%"
"02/16/1999","1.1202","1.1225","1.1239","1.1157","","-0.20%"
"02/15/1999","1.1224","1.1298","1.1304","1.1219","","-0.73%"
"02/12/1999","1.1306","1.1230","1.1308","1.1213","","0.85%"
"02/11/1999","1.1211","1.1322","1.1338","1.1211","","-1.05%"
"02/10/1999","1.1330","1.1316","1.1366","1.1270","","0.21%"
"02/09/1999","1.1306","1.1322","1.1346","1.1277","","-0.16%"
"02/08/1999","1.1324","1.1265","1.1330","1.1216","","0.51%"
"02/05/1999","1.1267","1.1341","1.1374","1.1250","","-0.61%"
"02/04/1999","1.1336","1.1309","1.1349","1.1246","","0.27%"
"02/03/1999","1.1305","1.1347","1.1362","1.1292","","-0.41%"
"02/02/1999","1.1351","1.1307","1.1366","1.1282","","0.42%"
"02/01/1999","1.1303","1.1389","1.1397","1.1281","","-0.55%"
"01/29/1999","1.1366","1.1420","1.1433","1.1338","","-0.47%"
"01/28/1999","1.1420","1.1442","1.1471","1.1377","","-0.20%"
"01/27/1999","1.1443","1.1566","1.1568","1.1410","","-1.04%"
"01/26/1999","1.1563","1.1558","1.1597","1.1553","","0.09%"
"01/25/1999","1.1553","1.1585","1.1615","1.1550","","-0.32%"
"01/22/1999","1.1590","1.1602","1.1629","1.1559","","-0.09%"
"01/21/1999","1.1600","1.1563","1.1622","1.1545","","0.33%"
"01/20/1999","1.1562","1.1614","1.1614","1.1537","","-0.40%"
"01/19/1999","1.1608","1.1608","1.1643","1.1562","","-0.09%"
"01/18/1999","1.1618","1.1568","1.1620","1.1557","","0.53%"
"01/15/1999","1.1557","1.1684","1.1751","1.1553","","-1.21%"
"01/14/1999","1.1698","1.1671","1.1730","1.1612","","0.21%"
"01/13/1999","1.1673","1.1573","1.1793","1.1551","","0.87%"
"01/12/1999","1.1572","1.1504","1.1576","1.1443","","0.61%"
"01/11/1999","1.1502","1.1568","1.1610","1.1488","","-0.63%"
"01/08/1999","1.1575","1.1716","1.1738","1.1537","","-1.14%"
"01/07/1999","1.1709","1.1627","1.1770","1.1608","","0.78%"
"01/06/1999","1.1618","1.1764","1.1816","1.1553","","-1.24%"
"01/05/1999","1.1764","1.1833","1.1869","1.1725","","-0.53%"
"01/04/1999","1.1827","1.1742","1.1909","1.1698","","0.89%"
"12/31/1998","1.1723","1.1663","1.1742","1.1646","","0.36%"
"12/30/1998","1.1681","1.1734","1.1761","1.1675","","-0.50%"
"12/29/1998","1.1740","1.1718","1.1774","1.1704","","0.20%"
"12/28/1998","1.1716","1.1675","1.1716","1.1665","","0.37%"
"12/25/1998","1.1673","1.1673","1.1673","1.1673","","0.00%"
"12/24/1998","1.1673","1.1715","1.1721","1.1665","","-0.46%"
"12/23/1998","1.1727","1.1748","1.1775","1.1714","","-0.23%"
"12/22/1998","1.1754","1.1761","1.1770","1.1705","","-0.05%"
"12/21/1998","1.1760","1.1845","1.1847","1.1723","","-0.31%"
"12/18/1998","1.1797","1.1799","1.1867","1.1770","","0.13%"
"12/17/1998","1.1782","1.1773","1.1832","1.1770","","-0.01%"
"12/16/1998","1.1783","1.1840","1.1885","1.1777","","-0.41%"
"12/15/1998","1.1832","1.1927","1.1935","1.1826","","-0.68%"
"12/14/1998","1.1913","1.1927","1.1958","1.1844","","0.06%"
"12/11/1998","1.1906","1.1890","1.1924","1.1835","","0.18%"
"12/10/1998","1.1885","1.1752","1.1885","1.1751","","1.10%"
"12/09/1998","1.1756","1.1771","1.1787","1.1729","","-0.08%"
"12/08/1998","1.1765","1.1679","1.1776","1.1662","","0.70%"
"12/07/1998","1.1683","1.1740","1.1743","1.1661","","-0.28%"
"12/04/1998","1.1716","1.1789","1.1789","1.1663","","-0.33%"
"12/03/1998","1.1755","1.1740","1.1801","1.1653","","0.16%"
"12/02/1998","1.1736","1.1674","1.1756","1.1626","","0.67%"
"12/01/1998","1.1658","1.1600","1.1702","1.1577","","0.49%"
"11/30/1998","1.1601","1.1499","1.1619","1.1482","","0.98%"
"11/27/1998","1.1488","1.1562","1.1570","1.1459","","-0.47%"
"11/26/1998","1.1542","1.1553","1.1562","1.1514","","-0.06%"
"11/25/1998","1.1549","1.1564","1.1591","1.1521","","-0.09%"
"11/24/1998","1.1559","1.1542","1.1559","1.1480","","0.08%"
"11/23/1998","1.1550","1.1612","1.1623","1.1487","","-0.58%"
"11/20/1998","1.1617","1.1667","1.1681","1.1611","","-0.45%"
"11/19/1998","1.1669","1.1729","1.1769","1.1655","","-0.58%"
"11/18/1998","1.1737","1.1790","1.1830","1.1737","","-0.40%"
"11/17/1998","1.1784","1.1797","1.1849","1.1760","","-0.14%"
"11/16/1998","1.1800","1.1700","1.1835","1.1686","","1.07%"
"11/13/1998","1.1675","1.1669","1.1690","1.1615","","0.03%"
"11/12/1998","1.1671","1.1722","1.1722","1.1588","","-0.49%"
"11/11/1998","1.1728","1.1688","1.1735","1.1666","","0.33%"
"11/10/1998","1.1690","1.1652","1.1705","1.1619","","0.34%"
"11/09/1998","1.1650","1.1718","1.1758","1.1599","","-0.81%"
"11/06/1998","1.1745","1.1811","1.1842","1.1733","","-0.61%"
"11/05/1998","1.1817","1.1772","1.1861","1.1766","","0.37%"
"11/04/1998","1.1773","1.1825","1.1846","1.1736","","-0.41%"
"11/03/1998","1.1821","1.1870","1.1870","1.1780","","-0.41%"
"11/02/1998","1.1870","1.1907","1.1943","1.1866","","-0.14%"
"10/30/1998","1.1887","1.1897","1.1930","1.1847","","-0.15%"
"10/29/1998","1.1905","1.1887","1.1967","1.1879","","0.19%"
"10/28/1998","1.1883","1.1885","1.1945","1.1863","","-0.05%"
"10/27/1998","1.1889","1.1827","1.1903","1.1804","","0.12%"
"10/26/1998","1.1875","1.1940","1.1970","1.1870","","-1.17%"
"10/23/1998","1.2015","1.2010","1.2038","1.1969","","0.03%"
"10/22/1998","1.2011","1.1904","1.2025","1.1887","","0.43%"
"10/21/1998","1.1959","1.2028","1.2087","1.1923","","-0.53%"
"10/20/1998","1.2023","1.2055","1.2086","1.1984","","-0.14%"
"10/19/1998","1.2040","1.2187","1.2213","1.2022","","-1.04%"
"10/16/1998","1.2167","1.2185","1.2241","1.2100","","0.85%"
"10/15/1998","1.2064","1.2038","1.2170","1.2015","","0.54%"
"10/14/1998","1.1999","1.2065","1.2092","1.1957","","-0.38%"
"10/13/1998","1.2045","1.2090","1.2149","1.1974","","0.54%"
"10/12/1998","1.1980","1.2104","1.2183","1.1962","","-1.11%"
"10/09/1998","1.2115","1.2070","1.2213","1.2025","","-1.06%"
"10/08/1998","1.2245","1.2250","1.2287","1.2177","","0.56%"
"10/07/1998","1.2177","1.2073","1.2293","1.2027","","0.74%"
"10/06/1998","1.2087","1.2079","1.2138","1.1972","","0.28%"
"10/05/1998","1.2053","1.2015","1.2098","1.1983","","0.80%"
"10/02/1998","1.1957","1.1942","1.2073","1.1885","","0.25%"
"10/01/1998","1.1927","1.1782","1.1947","1.1770","","1.12%"
"09/30/1998","1.1795","1.1779","1.1799","1.1698","","0.14%"
"09/29/1998","1.1779","1.1748","1.1797","1.1684","","0.26%"
"09/28/1998","1.1748","1.1690","1.1785","1.1626","","0.26%"
"09/25/1998","1.1718","1.1744","1.1831","1.1684","","-0.18%"
"09/24/1998","1.1739","1.1719","1.1756","1.1631","","0.38%"
"09/23/1998","1.1695","1.1669","1.1702","1.1563","","0.14%"
"09/22/1998","1.1679","1.1622","1.1698","1.1560","","0.52%"
"09/21/1998","1.1619","1.1617","1.1764","1.1604","","-0.05%"
"09/18/1998","1.1625","1.1613","1.1701","1.1509","","0.26%"
"09/17/1998","1.1595","1.1634","1.1763","1.1582","","-0.12%"
"09/16/1998","1.1609","1.1637","1.1684","1.1516","","0.03%"
"09/15/1998","1.1605","1.1582","1.1666","1.1531","","0.15%"
"09/14/1998","1.1588","1.1594","1.1643","1.1499","","0.01%"
"09/11/1998","1.1587","1.1676","1.1763","1.1576","","-0.69%"
"09/10/1998","1.1667","1.1488","1.1685","1.1473","","1.94%"
"09/09/1998","1.1445","1.1352","1.1445","1.1285","","0.82%"
"09/08/1998","1.1352","1.1395","1.1418","1.1324","","-0.53%"
"09/07/1998","1.1412","1.1370","1.1484","1.1313","","0.27%"
"09/04/1998","1.1381","1.1409","1.1409","1.1298","","-0.14%"
"09/03/1998","1.1397","1.1280","1.1471","1.1280","","1.06%"
"09/02/1998","1.1278","1.1260","1.1300","1.1217","","0.19%"
"09/01/1998","1.1257","1.1227","1.1351","1.1193","","-0.40%"
"08/31/1998","1.1302","1.1155","1.1302","1.1104","","1.21%"
"08/28/1998","1.1167","1.1001","1.1167","1.0975","","1.66%"
"08/27/1998","1.0985","1.0945","1.1019","1.0894","","0.45%"
"08/26/1998","1.0936","1.0989","1.0989","1.0900","","-0.37%"
"08/25/1998","1.0977","1.1007","1.1017","1.0957","","-0.15%"
"08/24/1998","1.0993","1.0955","1.1009","1.0949","","0.08%"
"08/21/1998","1.0984","1.0977","1.1008","1.0940","","0.12%"
"08/20/1998","1.0971","1.0976","1.1017","1.0940","","0.03%"
"08/19/1998","1.0968","1.0955","1.0977","1.0919","","0.22%"
"08/18/1998","1.0944","1.0993","1.1012","1.0939","","-0.35%"
"08/17/1998","1.0982","1.0968","1.1005","1.0877","","0.30%"
"08/14/1998","1.0949","1.1058","1.1058","1.0928","","-0.92%"
"08/13/1998","1.1051","1.1010","1.1063","1.0981","","-0.48%"
"08/12/1998","1.1104","1.1071","1.1127","1.1071","","0.37%"
"08/11/1998","1.1063","1.1086","1.1091","1.1024","","-0.15%"
"08/10/1998","1.1080","1.1063","1.1100","1.1046","","-0.07%"
"08/07/1998","1.1088","1.1110","1.1137","1.1064","","-0.21%"
"08/06/1998","1.1111","1.1123","1.1165","1.1107","","-0.11%"
"08/05/1998","1.1123","1.1151","1.1155","1.1104","","0.03%"
"08/04/1998","1.1120","1.1037","1.1123","1.1025","","0.77%"
"08/03/1998","1.1035","1.1100","1.1100","1.1005","","-0.54%"
"07/31/1998","1.1095","1.1071","1.1095","1.1040","","0.29%"
"07/30/1998","1.1063","1.1132","1.1170","1.1060","","-0.56%"
"07/29/1998","1.1125","1.1145","1.1166","1.1090","","-0.16%"
"07/28/1998","1.1143","1.1055","1.1151","1.1046","","0.81%"
"07/27/1998","1.1053","1.1107","1.1110","1.1053","","-0.39%"
"07/24/1998","1.1096","1.1066","1.1115","1.1042","","0.47%"
"07/23/1998","1.1044","1.1028","1.1045","1.0994","","0.08%"
"07/22/1998","1.1035","1.1065","1.1071","1.1002","","-0.15%"
"07/21/1998","1.1052","1.1066","1.1087","1.1019","","-0.24%"
"07/20/1998","1.1079","1.1109","1.1118","1.1057","","0.28%"
"07/17/1998","1.1048","1.1042","1.1088","1.1019","","-0.08%"
"07/16/1998","1.1057","1.1002","1.1064","1.0980","","0.67%"
"07/15/1998","1.0983","1.0961","1.0997","1.0941","","0.17%"
"07/14/1998","1.0964","1.1001","1.1004","1.0945","","-0.17%"
"07/13/1998","1.0983","1.0888","1.0991","1.0888","","0.87%"
"07/10/1998","1.0888","1.0830","1.0888","1.0804","","0.51%"
"07/09/1998","1.0833","1.0902","1.0902","1.0790","","-0.44%"
"07/08/1998","1.0881","1.0905","1.0917","1.0845","","-0.15%"
"07/07/1998","1.0897","1.0941","1.0941","1.0876","","-0.21%"
"07/06/1998","1.0920","1.0891","1.0955","1.0875","","0.37%"
"07/03/1998","1.0880","1.0903","1.0935","1.0872","","-0.04%"
"07/02/1998","1.0884","1.0905","1.0920","1.0844","","-0.10%"
"07/01/1998","1.0895","1.0955","1.0975","1.0865","","-0.52%"
"06/30/1998","1.0952","1.0955","1.0987","1.0920","","0.09%"
"06/29/1998","1.0942","1.0927","1.0962","1.0900","","0.00%"
"06/26/1998","1.0942","1.1011","1.1050","1.0907","","-0.65%"
"06/25/1998","1.1014","1.1009","1.1040","1.0975","","0.24%"
"06/24/1998","1.0988","1.0965","1.1013","1.0950","","0.04%"
"06/23/1998","1.0984","1.1022","1.1063","1.0957","","-0.35%"
"06/22/1998","1.1023","1.1046","1.1046","1.0970","","-0.35%"
"06/19/1998","1.1062","1.1036","1.1103","1.1022","","0.25%"
"06/18/1998","1.1034","1.1075","1.1100","1.1012","","-0.27%"
"06/17/1998","1.1064","1.1000","1.1079","1.0990","","0.72%"
"06/16/1998","1.0985","1.0870","1.1006","1.0870","","0.66%"
"06/15/1998","1.0913","1.0941","1.0941","1.0866","","-0.22%"
"06/12/1998","1.0937","1.0911","1.0966","1.0894","","0.35%"
"06/11/1998","1.0899","1.0975","1.0995","1.0899","","-0.74%"
"06/10/1998","1.0980","1.1077","1.1082","1.0955","","-0.86%"
"06/09/1998","1.1075","1.1073","1.1118","1.1050","","0.00%"
"06/08/1998","1.1075","1.1090","1.1113","1.1068","","-0.27%"
"06/05/1998","1.1105","1.1147","1.1170","1.1074","","-0.27%"
"06/04/1998","1.1135","1.1132","1.1181","1.1100","","0.00%"
"06/03/1998","1.1135","1.1079","1.1138","1.1077","","0.59%"
"06/02/1998","1.1070","1.1069","1.1092","1.1045","","-0.08%"
"06/01/1998","1.1079","1.1050","1.1098","1.1026","","0.45%"
"05/29/1998","1.1029","1.1061","1.1073","1.0992","","-0.34%"
"05/28/1998","1.1067","1.1058","1.1103","1.1010","","0.16%"
"05/27/1998","1.1049","1.1120","1.1187","1.1008","","-0.67%"
"05/26/1998","1.1123","1.1162","1.1175","1.1096","","-0.13%"
"05/25/1998","1.1138","1.1183","1.1183","1.1127","","-0.95%"
"05/22/1998","1.1245","1.1218","1.1248","1.1190","","0.56%"
"05/21/1998","1.1182","1.1142","1.1211","1.1120","","0.58%"
"05/20/1998","1.1117","1.1075","1.1140","1.1048","","0.63%"
"05/19/1998","1.1047","1.1035","1.1061","1.1023","","0.16%"
"05/18/1998","1.1029","1.1040","1.1052","1.0995","","-0.01%"
"05/15/1998","1.1030","1.1082","1.1084","1.1013","","-0.38%"
"05/14/1998","1.1072","1.1080","1.1103","1.1041","","0.02%"
"05/13/1998","1.1070","1.1100","1.1117","1.1055","","-0.14%"
"05/12/1998","1.1085","1.1084","1.1122","1.1067","","0.06%"
"05/11/1998","1.1078","1.1137","1.1160","1.1056","","-0.40%"
"05/08/1998","1.1123","1.1152","1.1161","1.1080","","-0.18%"
"05/07/1998","1.1143","1.1168","1.1199","1.1123","","-0.21%"
"05/06/1998","1.1166","1.1143","1.1183","1.1109","","0.10%"
"05/05/1998","1.1155","1.1088","1.1167","1.1073","","0.47%"
"05/04/1998","1.1103","1.1023","1.1103","1.1023","","0.14%"
"05/01/1998","1.1087","1.1028","1.1140","1.1012","","0.61%"
"04/30/1998","1.1020","1.1021","1.1055","1.0999","","0.07%"
"04/29/1998","1.1012","1.1034","1.1035","1.0959","","-0.05%"
"04/28/1998","1.1018","1.1055","1.1063","1.1005","","-0.31%"
"04/27/1998","1.1052","1.1058","1.1090","1.0995","","0.19%"
"04/24/1998","1.1031","1.0995","1.1040","1.0987","","0.30%"
"04/23/1998","1.0998","1.1038","1.1059","1.0967","","-0.23%"
"04/22/1998","1.1023","1.1035","1.1093","1.1006","","-0.24%"
"04/21/1998","1.1049","1.1003","1.1078","1.1003","","0.42%"
"04/20/1998","1.1003","1.0955","1.1017","1.0932","","0.26%"
"04/17/1998","1.0974","1.0997","1.1031","1.0950","","-0.16%"
"04/16/1998","1.0992","1.1000","1.1000","1.0923","","-0.09%"
"04/15/1998","1.1002","1.1005","1.1042","1.0965","","0.05%"
"04/14/1998","1.0997","1.0873","1.1017","1.0867","","1.11%"
"04/13/1998","1.0876","1.0882","1.0890","1.0843","","-0.06%"
"04/10/1998","1.0882","1.0870","1.0920","1.0870","","0.11%"
"04/09/1998","1.0870","1.0924","1.0945","1.0851","","-0.59%"
"04/08/1998","1.0935","1.0818","1.0960","1.0805","","1.11%"
"04/07/1998","1.0815","1.0818","1.0827","1.0769","","0.22%"
"04/06/1998","1.0791","1.0777","1.0798","1.0755","","0.41%"
"04/03/1998","1.0747","1.0736","1.0770","1.0700","","0.22%"
"04/02/1998","1.0723","1.0742","1.0770","1.0709","","-0.13%"
"04/01/1998","1.0737","1.0762","1.0776","1.0712","","-0.29%"
"03/31/1998","1.0768","1.0770","1.0783","1.0717","","0.03%"
"03/30/1998","1.0765","1.0872","1.0872","1.0750","","-1.06%"
"03/27/1998","1.0880","1.0916","1.0925","1.0854","","-0.31%"
"03/26/1998","1.0914","1.0874","1.0926","1.0820","","0.43%"
"03/25/1998","1.0867","1.0862","1.0893","1.0828","","0.06%"
"03/24/1998","1.0860","1.0890","1.0890","1.0838","","-0.29%"
"03/23/1998","1.0892","1.0850","1.0892","1.0814","","0.41%"
"03/20/1998","1.0847","1.0843","1.0871","1.0808","","0.02%"
"03/19/1998","1.0845","1.0860","1.0882","1.0831","","-0.20%"
"03/18/1998","1.0867","1.0899","1.0910","1.0838","","-0.34%"
"03/17/1998","1.0904","1.0924","1.0955","1.0878","","-0.02%"
"03/16/1998","1.0906","1.0933","1.0933","1.0870","","-0.05%"
"03/13/1998","1.0912","1.0855","1.0951","1.0803","","0.57%"
"03/12/1998","1.0850","1.0830","1.0865","1.0797","","0.22%"
"03/11/1998","1.0826","1.0827","1.0838","1.0770","","-0.04%"
"03/10/1998","1.0830","1.0833","1.0836","1.0794","","-0.03%"
"03/09/1998","1.0833","1.0819","1.0847","1.0790","","0.31%"
"03/06/1998","1.0800","1.0796","1.0841","1.0762","","0.07%"
"03/05/1998","1.0792","1.0915","1.0941","1.0780","","-0.85%"
"03/04/1998","1.0884","1.0929","1.0945","1.0858","","-0.45%"
"03/03/1998","1.0933","1.0907","1.0951","1.0864","","0.28%"
"03/02/1998","1.0903","1.0917","1.0981","1.0884","","0.17%"
"02/27/1998","1.0884","1.0893","1.0937","1.0869","","-0.09%"
"02/26/1998","1.0894","1.0879","1.0921","1.0835","","0.11%"
"02/25/1998","1.0882","1.0984","1.1015","1.0870","","-1.05%"
"02/24/1998","1.0997","1.0988","1.1011","1.0930","","-0.06%"
"02/23/1998","1.1004","1.0880","1.1035","1.0828","","1.28%"
"02/20/1998","1.0865","1.0893","1.0893","1.0828","","-0.21%"
"02/19/1998","1.0888","1.0830","1.0900","1.0821","","0.29%"
"02/18/1998","1.0857","1.0829","1.0878","1.0780","","0.23%"
"02/17/1998","1.0832","1.0872","1.0901","1.0809","","-0.46%"
"02/16/1998","1.0882","1.0865","1.0885","1.0819","","0.14%"
"02/13/1998","1.0867","1.0911","1.0916","1.0805","","-0.49%"
"02/12/1998","1.0920","1.0845","1.0930","1.0838","","0.63%"
"02/11/1998","1.0852","1.0903","1.0919","1.0797","","-0.47%"
"02/10/1998","1.0903","1.0860","1.0910","1.0849","","0.53%"
"02/09/1998","1.0846","1.0865","1.0909","1.0830","","-0.52%"
"02/06/1998","1.0903","1.1020","1.1028","1.0880","","-1.17%"
"02/05/1998","1.1032","1.0943","1.1050","1.0924","","0.70%"
"02/04/1998","1.0955","1.0882","1.0965","1.0830","","0.57%"
"02/03/1998","1.0893","1.0865","1.0905","1.0803","","-0.11%"
"02/02/1998","1.0905","1.0815","1.0905","1.0778","","1.07%"
"01/30/1998","1.0790","1.0792","1.0865","1.0771","","-0.08%"
"01/29/1998","1.0799","1.0870","1.0927","1.0785","","-0.73%"
"01/28/1998","1.0878","1.1021","1.1021","1.0877","","-1.31%"
"01/27/1998","1.1022","1.0991","1.1055","1.0985","","0.28%"
"01/26/1998","1.0991","1.1090","1.1196","1.0963","","-0.83%"